0 3 4 8 10 16 20 24 20 24 27 32 40 35 36 39 42 47 51 53 52 65 60 65 67 68 75 76 88 80 82 84 86 94 95 98 100 102 110 114 124 132 125 131 136 142 145 147 152 155 157 161 163 166 169 171 177 181 187 193 197 199 204 207 209 214 216 219 224 231 237 240 248 260 254 256 261 265 267 270 275 279 285 288 294 298 303 311 313 315 319 322 328 334 331 340 350 345 352 355 363 357 365 369 372 382 388 390 385 387 398 393 394 396 397 400 401 404 408 410 414 415 416 422 429 431 434 439 444 435 440 446 443 447 448 456 452 453 454 456 460
4 11 7 10 12 13 14 17 19 22 23 27 31 33 45 40 53 48 49 50 51 55 56 59 64 67 72 76 83 78 81 83 85 90 94 96 98 102 105 107 118 128 122 128 132 136 142 145 148 160 166 175 169 179 173 176 180 189 184 189 193 205 201 204 207 210 214 217 222 226 230 250 244 249 252 266 272 276 272 283 279 296 290 293 296 302 313 307 312 319 315 328 333 327 329 334 337 341 348 353 358 354 360 366 368 376 381 388 384 397 391 392 394 404 400 411 406 415 409 412 418 428 418 419 424 428 431 432 433 434 436 438 440 443 447 450 451 453 458 462 466
8 14 11 17 13 19 16 19 20 31 26 31 34 36 38 45 47 55 50 51 52 53 61 66 70 63 67 70 73 77 78 87 93 96 102 106 102 106 117 110 112 115 120 124 128 131 134 140 143 152 156 160 164 167 170 173 176 178 181 185 191 197 199 215 209 220 225 221 226 238 232 236 239 245 257 260 265 270 283 277 289 284 286 288 292 298 301 303 307 310 313 319 322 324 327 330 336 339 345 347 350 352 357 362 367 372 375 378 382 386 388 391 399 409 401 402 414 410 412 418 421 423 420 423 427 432 441 433 434 442 437 442 445 451 448 454 460 454 455 459 460
11 18 14 25 16 22 17 23 28 38 28 40 35 39 41 48 56 52 57 53 57 54 56 60 61 62 63 68 71 73 78 83 87 93 96 99 115 108 111 115 119 124 135 127 133 142 137 151 145 147 150 156 160 164 166 168 174 189 183 188 199 209 201 204 209 214 219 224 229 231 244 238 243 248 250 256 259 262 265 271 275 278 292 301 296 302 312 306 320 315 323 326 324 329 337 333 350 344 347 349 353 355 371 366 371 386 380 392 386 390 394 399 401 403 408 403 404 408 410 415 417 420 422 425 439 434 436 435 443 446 441 444 447 454 458 460 457 455 459 466 462
13 21 16 21 18 19 27 32 37 34 30 34 40 47 43 44 49 51 62 56 62 57 67 62 68 65 68 69 80 75 86 91 97 105 100 106 109 114 125 119 125 127 130 132 135 138 144 159 155 150 153 169 164 169 176 171 183 193 186 191 194 203 208 212 215 221 228 234 245 239 249 244 249 257 253 260 271 265 270 276 291 281 284 288 291 294 300 305 310 312 317 322 328 331 343 336 340 355 349 355 360 357 362 364 369 379 389 394 391 393 396 406 416 406 411 407 414 410 415 423 419 427 429 426 432 438 443 436 439 442 447 457 448 450 452 459 460 459 460 462 464
16 24 28 24 23 20 23 26 30 31 31 47 42 44 53 48 58 54 56 57 66 60 61 66 73 68 70 73 75 77 82 86 88 94 96 102 105 108 113 116 118 124 127 130 133 137 155 149 159 153 155 160 162 166 169 176 178 181 183 188 192 197 202 208 211 217 224 229 232 235 242 248 262 267 256 267 275 272 276 280 286 283 286 291 297 301 304 309 313 316 326 330 334 339 346 342 347 349 354 359 364 362 367 376 371 374 385 390 395 402 398 402 411 422 416 410 420 412 422 432 422 423 424 425 429 433 435 446 441 451 456 452 450 460 453 454 459 462 466 463 466
17 19 20 22 29 25 34 29 33 38 35 38 47 53 48 50 53 58 63 58 61 65 69 67 68 71 87 75 80 84 87 96 91 99 110 104 109 112 115 120 124 128 130 135 138 140 142 146 151 157 161 163 168 172 178 195 183 189 198 191 198 201 205 213 219 226 229 241 235 255 248 252 255 259 270 277 283 276 280 285 291 288 294 309 301 308 318 313 325 319 321 324 329 335 343 349 354 359 371 365 373 368 370 384 373 377 379 385 389 395 397 399 405 410 412 418 423 417 418 427 432 426 432 429 430 439 441 450 444 446 450 454 453 456 466 459 463 471 467 466 467
18 22 27 31 35 30 44 33 37 44 36 40 42 50 46 48 49 52 59 55 58 59 64 72 78 87 81 78 85 88 90 92 97 103 105 109 114 124 118 128 133 137 143 137 140 154 144 152 156 161 174 166 173 179 183 189 186 193 204 195 214 207 210 220 227 230 236 246 238 241 245 248 252 257 263 270 273 280 287 291 298 292 297 302 306 321 326 317 332 322 339 328 334 337 339 345 349 353 356 359 368 372 385 380 376 383 395 390 398 404 410 402 411 424 417 424 426 424 420 422 426 427 429 431 434 435 438 442 453 449 456 463 456 460 461 474 464 466 476 470 468
22 23 24 26 30 33 39 35 45 41 37 38 40 41 45 47 48 50 51 52 56 59 61 66 71 77 87 82 92 98 104 94 112 106 111 117 122 128 120 124 127 131 135 146 142 148 153 155 161 164 169 176 180 194 187 198 192 197 211 200 205 213 219 227 230 236 242 251 242 247 257 251 259 265 271 282 276 286 291 298 301 299 304 322 311 314 319 323 344 328 333 340 347 341 346 351 357 364 359 361 363 367 375 386 379 390 385 387 393 396 405 410 414 418 421 428 431 426 424 428 439 431 441 436 440 437 444 445 446 458 453 458 461 469 465 469 465 470 473 478 471
25 29 26 31 36 40 42 40 51 44 42 47 41 53 48 58 50 54 58 63 57 72 66 69 85 79 91 84 88 93 95 100 103 118 126 120 125 136 125 134 129 135 139 141 149 158 164 171 177 184 172 185 191 199 190 193 200 207 223 204 211 223 227 231 236 241 245 255 249 252 264 257 263 269 276 287 280 297 303 312 305 302 309 315 324 317 325 329 338 334 339 343 352 344 350 354 363 366 365 373 367 369 371 375 377 380 383 386 390 393 399 401 411 415 419 421 424 432 427 432 435 441 445 440 444 439 441 444 445 449 452 454 457 460 461 463 466 467 468 469 476
26 35 31 35 40 41 45 41 48 53 46 43 42 46 52 53 52 59 66 75 60 64 69 73 75 78 83 99 93 107 99 104 107 112 117 125 137 131 127 130 134 139 147 143 145 152 156 163 167 171 177 180 185 188 197 214 203 212 217 210 215 218 224 227 242 252 259 265 272 255 259 263 267 273 286 292 284 290 296 300 313 306 314 320 329 321 342 335 344 337 344 349 356 350 356 370 381 374 368 379 370 376 373 378 386 382 388 391 395 398 401 403 406 412 414 419 422 424 433 438 451 445 448 444 445 454 443 446 449 453 463 458 460 468 463 464 474 469 473 470 472
28 40 45 37 44 48 52 43 44 47 51 44 48 53 60 57 53 56 61 70 65 71 74 78 89 83 88 90 97 101 114 106 109 118 124 127 132 138 131 143 137 144 151 148 153 158 163 166 171 174 184 189 200 194 204 207 213 218 224 215 221 228 236 230 233 246 252 258 262 268 274 269 273 278 281 285 291 295 300 303 307 325 318 325 338 325 332 342 347 342 361 354 359 356 359 363 366 379 371 385 376 385 379 382 397 385 394 398 401 409 404 407 413 415 419 423 428 433 437 441 443 455 461 452 447 449 448 451 455 459 468 464 461 465 472 468 469 474 477 471 476
30 32 35 41 49 52 47 54 46 52 49 46 51 57 64 74 63 58 71 81 68 79 85 90 92 88 92 95 102 106 108 112 118 124 126 136 146 141 137 149 141 148 162 155 160 165 180 169 176 196 189 196 204 201 211 230 217 227 221 218 225 232 250 242 236 239 246 253 257 261 264 280 288 284 288 295 305 298 307 316 310 314 335 328 333 328 338 348 354 345 350 363 369 361 367 383 372 384 376 381 388 393 399 385 391 388 390 393 399 405 407 413 416 421 424 430 436 451 441 452 445 449 452 457 451 455 453 456 460 464 473 466 465 468 477 471 476 481 486 473 474
32 35 36 44 41 44 46 50 48 54 52 50 53 64 65 69 74 64 66 76 71 74 79 82 86 100 94 99 115 109 114 126 120 135 129 131 135 137 139 145 151 172 165 158 163 168 174 186 179 182 186 189 195 212 216 223 226 233 225 221 232 238 243 249 240 247 250 260 266 276 269 274 277 281 284 289 294 305 314 321 315 318 324 334 338 335 344 354 361 350 353 356 362 366 372 376 382 393 382 388 393 397 391 388 393 390 394 398 403 408 410 422 418 426 438 433 440 446 443 446 452 462 456 460 457 460 456 460 472 465 478 468 478 473 484 475 482 486 479 474 475
37 41 38 39 40 43 46 56 49 50 62 51 56 59 64 66 68 72 68 84 74 78 86 97 91 94 98 104 106 118 112 114 127 123 125 131 141 153 146 150 165 158 161 168 171 177 181 192 184 189 201 194 202 205 210 215 221 226 231 228 237 244 249 256 247 252 257 276 270 281 274 277 282 286 289 296 301 310 323 330 319 323 330 340 346 340 349 366 356 353 359 363 368 371 375 386 391 388 385 394 398 401 399 395 398 393 399 404 407 420 414 417 420 436 431 438 446 441 456 450 460 455 459 465 459 464 474 462 467 472 473 472 484 477 479 476 478 490 482 477 482
41 51 46 42 50 46 49 53 51 54 57 55 59 62 77 72 87 75 73 78 89 80 82 84 88 91 95 100 103 106 109 113 119 121 124 128 132 135 141 145 149 155 159 164 167 171 176 182 188 202 207 198 208 220 213 218 232 236 242 234 248 251 255 263 253 257 261 266 282 289 280 284 290 300 295 303 309 313 316 320 326 330 337 346 352 346 354 360 365 357 364 367 372 385 378 381 386 395 392 409 402 407 403 400 403 400 404 407 409 413 418 420 422 425 429 431 433 436 450 445 449 451 457 461 464 474 468 466 471 478 474 479 480 480 478 477 483 485 483 482 483
43 56 51 45 46 49 51 60 55 65 59 57 71 66 69 76 81 87 76 82 84 90 84 86 91 95 99 104 118 108 111 123 127 132 128 131 146 139 145 150 156 163 180 168 172 178 183 187 192 195 202 207 213 230 219 222 225 229 232 239 242 246 250 254 258 262 267 272 275 282 287 292 296 311 302 310 317 334 320 325 329 335 344 351 356 352 357 366 377 363 367 374 378 392 381 388 393 398 395 400 408 417 411 406 410 406 413 418 412 415 426 422 428 439 433 438 435 438 440 442 446 449 453 473 467 469 479 470 477 488 479 488 483 488 479 483 484 491 488 484 486
47 48 53 58 48 52 54 64 57 61 65 58 63 76 82 86 83 81 79 86 92 98 88 92 94 99 105 109 113 111 114 118 122 125 142 135 139 144 150 156 161 168 174 171 175 184 196 190 209 202 207 214 217 223 239 229 239 234 239 245 250 262 256 263 279 269 273 280 287 293 302 295 300 304 311 317 324 327 323 329 335 342 351 357 360 357 361 381 371 368 372 377 381 397 387 400 412 405 399 411 418 422 417 410 417 410 418 423 416 419 422 424 438 444 435 440 437 446 442 458 448 451 456 458 473 469 473 478 480 482 480 481 488 483 482 488 485 495 499 492 487
53 49 50 51 50 56 62 68 59 65 70 63 66 70 76 79 86 83 81 83 87 89 94 102 96 105 111 115 120 113 118 121 127 133 148 139 144 150 157 161 168 171 186 178 183 191 203 194 197 218 211 218 225 228 232 237 243 238 244 248 253 269 260 267 273 279 296 286 294 301 310 301 316 308 315 323 332 339 328 333 341 346 358 363 370 364 371 375 387 371 377 384 389 392 390 394 397 418 402 405 409 415 423 414 426 417 421 428 419 423 438 429 432 434 439 445 442 453 448 452 468 456 458 461 463 467 470 474 477 488 483 486 493 486 483 491 486 488 493 496 490
58 51 54 63 52 64 59 62 60 69 75 66 68 73 84 90 96 89 84 97 89 95 97 99 105 110 113 130 124 119 125 136 130 138 141 145 149 155 163 168 171 175 179 186 191 198 212 198 203 208 223 229 241 234 240 244 250 241 258 253 260 275 266 271 280 285 289 297 303 310 326 309 320 314 322 329 336 346 334 342 349 356 365 369 374 369 378 388 381 377 384 388 392 400 394 398 404 411 405 417 428 421 434 417 420 431 425 441 433 426 431 448 435 441 444 452 448 458 454 459 462 459 461 463 468 472 475 477 487 492 485 492 497 491 486 494 489 493 495 495 491
55 53 62 58 55 56 57 66 61 64 68 80 74 76 79 85 91 97 86 92 104 109 99 105 109 113 115 119 127 122 132 145 133 150 144 150 153 159 168 173 185 179 185 189 198 203 206 201 208 212 217 220 225 229 235 238 262 245 249 269 274 279 274 278 286 290 298 306 322 314 318 313 317 325 331 337 345 352 342 348 357 364 369 376 381 375 386 394 387 382 390 397 404 418 401 406 411 420 408 411 415 418 428 422 428 445 430 434 448 433 437 441 438 455 446 458 450 452 457 462 465 461 465 468 473 476 485 479 481 483 491 494 502 495 491 498 493 495 496 501 492
58 56 66 60 63 58 60 73 64 70 73 86 77 79 85 94 98 104 91 96 98 100 106 111 114 118 124 131 135 129 136 140 137 144 149 154 157 166 183 176 192 184 192 196 202 208 215 207 214 220 225 236 229 233 241 246 254 249 257 261 265 273 280 284 292 300 306 314 329 319 327 318 324 331 335 341 355 359 350 357 361 371 376 382 387 382 391 398 395 388 395 403 418 411 408 411 422 415 412 424 418 421 424 431 435 438 433 438 441 439 442 447 442 448 453 470 454 459 463 466 468 467 473 487 479 484 491 483 493 488 496 502 507 505 495 496 501 496 504 496 493
62 60 73 63 60 59 64 69 67 80 75 78 80 85 87 89 91 95 107 101 110 104 110 122 116 123 130 135 142 134 142 149 144 148 155 158 163 171 175 180 183 187 198 202 207 211 222 214 218 225 230 243 235 241 245 251 260 255 264 283 271 279 288 293 299 308 314 322 335 324 331 326 332 340 352 345 350 355 363 373 366 391 383 390 394 390 398 406 402 395 400 410 424 414 411 415 426 420 415 418 425 436 430 436 443 454 436 441 448 443 446 454 445 453 459 464 457 473 465 471 476 473 478 481 485 490 495 489 500 491 504 509 505 499 497 502 509 505 500 499 498
68 65 69 73 67 63 72 76 72 75 77 83 87 99 93 104 96 100 112 103 105 111 115 117 120 130 133 141 152 140 153 158 147 153 160 164 171 176 181 186 191 196 203 209 215 222 229 221 226 234 242 248 241 249 262 255 266 260 269 275 282 286 307 299 307 314 320 327 343 331 335 331 336 346 358 353 357 364 380 388 371 379 389 394 402 394 408 417 407 399 408 418 431 420 415 420 433 427 422 428 434 443 433 450 454 447 440 445 452 448 451 461 452 457 465 472 461 467 472 478 483 477 480 486 488 495 504 494 496 494 498 501 513 501 499 507 513 510 503 511 501
76 67 74 69 65 64 67 71 75 78 83 87 89 92 96 99 114 104 107 105 115 119 117 122 127 136 141 144 147 143 146 171 152 156 167 174 181 190 184 191 197 201 215 224 218 228 234 227 233 238 260 253 245 261 267 260 271 266 283 288 295 290 294 305 312 320 328 332 355 337 344 338 345 354 365 358 364 368 372 379 375 390 397 405 411 399 403 410 417 404 414 423 445 426 422 426 439 431 428 433 439 453 437 443 448 453 443 449 459 453 460 473 458 465 469 481 466 473 479 483 493 482 487 492 497 502 498 496 504 500 504 512 507 503 519 509 515 512 510 507 506
72 69 70 71 70 68 74 80 89 83 88 92 96 109 101 105 108 113 109 107 110 114 127 130 137 143 146 150 153 149 155 164 157 164 177 183 186 195 188 198 201 204 208 212 215 219 223 232 237 242 246 261 250 254 259 266 276 270 276 280 287 294 299 313 319 325 336 343 347 343 348 343 349 366 372 364 369 374 379 383 379 383 388 393 398 403 411 416 424 412 420 430 437 431 427 433 443 437 431 437 444 447 442 449 452 459 450 457 464 459 463 466 463 471 480 476 470 483 490 494 488 486 495 499 503 514 509 501 514 505 507 516 512 507 513 518 522 519 511 516 511
79 71 73 72 79 74 78 90 92 86 92 95 108 103 115 109 115 124 117 112 121 116 121 126 144 155 149 156 160 154 162 169 163 168 172 175 182 188 194 207 211 215 211 218 235 225 232 237 245 259 252 268 257 263 268 274 282 274 284 289 294 299 307 326 332 338 346 353 360 348 353 350 356 360 365 371 377 394 383 392 387 406 393 398 402 408 428 422 432 420 424 437 442 436 431 438 451 444 436 445 451 458 448 456 463 473 457 463 471 462 469 472 469 476 494 483 473 478 482 488 495 489 491 493 498 502 504 503 509 515 509 513 523 509 519 521 518 514 512 520 516
74 73 77 74 75 88 80 85 89 99 94 97 99 101 105 117 123 118 129 117 126 120 126 130 133 139 144 148 152 162 168 172 167 175 187 181 188 193 197 200 204 209 215 223 227 234 242 250 258 266 258 275 263 270 278 284 291 282 289 293 298 304 314 318 323 330 338 344 351 358 362 355 364 374 369 378 384 388 396 408 393 398 405 413 406 412 417 430 437 427 431 450 456 447 439 447 465 458 442 450 457 472 452 463 475 468 463 468 476 467 475 478 475 482 488 495 479 483 487 491 507 500 494 510 504 508 514 509 513 518 512 522 517 515 524 532 522 518 516 523 519
80 76 82 75 79 83 87 91 96 103 97 107 101 106 109 111 113 116 123 120 123 130 140 134 137 144 149 165 155 158 164 170 174 182 194 187 195 201 211 206 212 216 224 244 231 238 250 256 266 271 266 288 269 275 283 288 295 287 293 297 302 310 320 328 335 341 345 350 359 365 369 363 370 380 375 385 389 393 410 401 397 404 413 420 414 421 427 437 441 434 438 442 450 465 443 463 454 450 446 458 473 465 458 469 480 473 468 475 483 473 481 485 480 486 493 489 482 487 491 494 497 504 496 499 501 504 507 513 515 523 518 525 522 520 534 527 524 529 520 529 521
85 82 79 77 82 89 94 98 102 107 102 113 107 116 111 116 120 126 128 126 132 137 143 139 143 147 152 158 168 162 178 187 182 185 199 193 199 221 214 212 229 220 232 236 243 250 257 264 270 276 271 280 276 284 288 296 300 294 302 312 306 320 327 334 340 345 349 361 367 371 380 369 375 393 380 393 403 397 404 412 405 413 421 426 419 429 435 451 459 438 444 452 468 457 449 455 465 458 454 464 478 470 466 477 485 479 474 480 492 479 487 497 483 493 500 495 489 493 501 497 504 508 501 505 514 509 514 527 517 529 524 539 527 524 529 533 527 525 523 525 525
88 84 93 81 84 94 98 101 108 113 104 108 110 121 115 121 124 131 135 130 143 147 153 145 157 151 156 161 182 168 171 174 177 183 188 210 204 208 212 217 221 227 243 250 255 262 270 277 285 291 279 288 281 288 296 312 304 300 310 320 311 315 322 328 335 342 347 353 360 367 374 386 380 385 392 398 409 401 409 420 412 418 429 433 425 434 440 444 449 444 450 456 460 466 456 464 473 469 461 470 474 480 473 482 492 487 480 484 487 485 500 490 487 511 504 502 494 500 511 504 511 521 507 511 516 514 519 521 519 521 530 533 530 528 532 537 532 529 527 533 527
102 93 88 84 86 89 94 96 99 103 110 123 112 114 119 125 138 133 138 134 137 141 148 155 169 154 163 170 175 172 179 188 181 189 195 199 219 212 220 237 227 232 236 240 246 253 261 267 275 282 290 295 285 303 310 318 311 306 316 328 317 323 328 335 342 349 353 359 364 375 380 393 386 392 397 405 415 407 417 425 418 424 445 437 430 441 445 452 459 452 456 460 464 474 464 468 480 473 467 490 482 486 479 486 496 491 485 491 497 489 493 499 493 498 501 506 501 505 516 511 519 514 510 515 527 520 523 528 522 528 534 538 534 530 536 542 539 536 533 535 532
97 95 94 89 93 101 96 101 109 105 123 117 125 120 123 128 130 152 145 138 145 150 156 172 162 158 174 177 182 176 186 192 186 195 200 204 208 218 224 229 248 236 244 251 266 258 267 274 279 287 296 301 291 295 302 310 322 314 322 332 325 329 335 344 351 370 358 364 371 383 392 401 393 399 405 412 424 413 426 433 424 428 433 444 438 446 454 459 464 460 475 467 472 487 470 476 484 481 473 477 497 491 486 490 501 496 491 498 515 503 496 512 498 502 509 515 508 514 525 518 535 521 516 520 537 523 528 534 528 533 539 545 537 535 538 545 541 541 535 537 534
110 102 99 92 99 103 101 107 111 110 112 114 117 135 129 146 134 138 141 148 153 167 159 166 173 162 167 173 196 180 192 199 193 200 207 211 219 226 240 233 241 256 248 258 281 266 275 279 286 294 303 308 297 305 311 315 330 319 328 340 334 341 348 365 356 362 382 370 377 390 400 406 399 405 411 419 440 419 448 439 431 438 445 450 445 450 461 465 484 468 482 474 488 479 475 480 492 486 478 483 488 498 494 500 508 500 495 503 508 519 502 505 501 505 514 518 512 524 530 523 528 525 520 527 532 528 531 544 534 536 547 541 539 537 542 549 543 552 537 542 536
105 104 103 98 101 107 103 112 118 124 115 117 119 125 135 140 138 141 146 151 157 160 164 170 183 167 173 179 189 183 186 191 198 204 215 222 228 233 245 239 257 262 256 265 273 281 294 286 292 310 316 323 304 311 316 320 337 326 333 345 339 350 357 371 364 369 374 379 385 399 407 414 408 425 416 424 431 426 433 447 439 446 455 461 452 460 470 483 476 472 488 478 482 486 481 485 498 490 484 488 496 506 502 507 514 508 502 509 518 512 506 512 505 510 519 527 515 519 524 529 534 530 524 532 538 533 548 539 536 538 542 544 544 540 547 559 552 547 542 548 538
118 112 107 103 106 110 108 127 121 129 118 122 128 133 139 144 150 144 153 157 163 168 179 173 178 172 180 185 199 190 195 209 202 210 226 232 240 247 252 244 249 255 262 269 280 287 299 292 297 302 308 314 309 319 324 333 344 331 340 356 348 359 367 378 369 376 381 387 394 406 413 422 415 432 422 433 439 431 440 459 448 455 461 469 457 466 476 490 484 477 482 487 494 508 488 496 503 499 492 497 503 518 506 513 519 514 510 517 523 520 511 517 511 518 526 523 519 526 529 534 540 537 531 538 542 537 542 560 546 541 546 552 548 544 551 555 562 550 547 543 540
130 124 113 106 110 117 114 116 118 120 120 128 135 141 152 147 159 150 158 172 178 188 182 179 185 179 186 190 193 198 203 216 210 214 218 224 232 240 246 253 261 268 276 295 284 294 303 298 304 311 317 323 315 324 332 342 353 339 345 350 359 366 375 383 375 383 390 396 401 414 419 428 421 441 430 439 448 436 446 451 469 460 470 484 462 482 488 499 493 485 491 497 506 501 496 501 511 506 498 502 507 511 518 535 523 518 515 523 531 525 516 524 515 522 537 526 524 529 532 538 545 541 538 543 548 541 546 553 550 547 550 560 554 550 555 561 557 555 551 546 543
122 118 116 111 113 130 124 118 124 128 124 136 132 137 144 159 152 158 161 165 170 175 179 182 188 186 191 206 196 204 212 222 216 220 236 228 248 259 252 260 265 276 283 287 295 300 309 304 312 319 337 328 323 330 337 351 367 346 351 359 365 373 383 391 381 392 399 407 414 419 425 435 427 432 439 446 457 445 455 463 476 468 486 476 467 474 480 486 501 493 500 506 515 505 500 505 523 511 504 508 516 531 523 529 535 530 522 529 537 529 522 529 522 525 531 536 529 534 549 542 555 550 544 550 564 546 552 557 553 551 554 556 568 553 559 564 561 567 553 552 545
132 127 124 113 115 117 130 122 137 131 126 128 130 134 137 140 146 153 158 161 164 170 173 179 184 194 198 201 205 210 216 227 234 228 251 232 240 248 259 268 276 280 289 294 300 306 313 308 324 335 346 337 329 339 344 368 360 353 359 364 372 379 390 398 389 398 408 415 424 432 441 449 436 443 451 459 473 453 464 472 485 475 480 491 472 479 489 495 509 500 509 517 522 513 504 510 515 529 509 514 524 544 528 534 541 549 530 537 541 536 529 534 528 533 537 550 533 537 540 546 551 560 548 563 557 553 559 565 559 553 559 567 562 557 571 577 567 561 556 555 550
125 122 118 115 121 127 135 124 127 141 129 142 134 139 143 148 155 162 168 180 167 180 188 184 197 190 193 197 201 205 211 219 223 235 243 237 244 264 269 274 280 286 293 302 310 318 324 313 318 327 334 355 335 344 349 355 365 358 365 370 381 390 399 408 397 403 416 424 431 439 449 457 444 451 458 473 465 459 473 481 490 483 491 484 478 486 494 504 518 507 518 524 532 521 512 517 526 522 517 522 532 536 533 541 549 538 534 545 551 541 533 541 534 539 549 543 539 552 544 552 568 554 551 555 560 558 564 569 564 556 563 570 566 562 565 582 571 565 561 557 554
130 134 128 119 129 132 140 128 142 136 134 136 151 142 148 151 160 168 171 174 171 174 177 180 183 186 190 204 212 217 223 228 233 239 248 243 251 256 262 268 273 280 288 294 300 305 310 320 327 336 341 346 340 350 357 364 375 367 372 377 386 395 404 422 402 408 432 438 447 454 459 472 450 456 465 482 473 468 491 499 507 491 502 495 487 492 501 510 532 516 525 534 539 529 517 523 531 539 521 529 537 545 541 545 555 547 540 566 559 548 541 549 542 548 557 547 542 546 550 558 561 558 554 559 565 562 569 575 570 561 568 573 569 566 572 576 581 567 572 564 559
127 125 123 121 123 126 136 130 133 142 136 141 145 149 165 158 167 182 189 177 184 177 180 184 191 200 193 197 205 210 218 224 228 234 239 250 257 261 266 273 277 286 292 299 306 314 320 329 335 345 352 361 347 359 364 370 384 376 382 388 394 401 409 415 410 416 423 430 436 445 453 463 455 463 470 475 481 475 482 487 494 500 509 502 494 502 511 518 523 541 532 543 552 537 524 531 538 530 525 537 542 553 545 550 563 555 544 552 573 554 549 555 550 555 564 551 545 552 556 562 566 576 561 566 570 565 585 578 575 568 571 579 573 569 585 580 574 569 568 566 564
132 128 134 126 132 128 147 134 140 146 139 147 159 152 156 163 172 175 180 185 190 180 186 203 196 205 197 204 212 217 223 230 234 242 247 254 264 270 276 296 283 290 297 305 313 320 325 335 342 352 357 369 353 376 369 378 392 385 393 400 415 407 416 423 415 423 429 437 445 453 460 472 462 471 477 484 492 483 492 498 507 516 530 509 500 508 516 525 533 553 539 548 570 545 533 538 546 537 532 544 549 560 553 561 573 565 550 556 566 560 555 562 555 560 572 559 549 557 562 565 572 569 566 579 586 570 575 590 579 574 579 591 585 571 576 590 585 580 574 568 567
135 133 146 131 138 134 141 138 143 158 143 156 163 158 162 169 176 183 193 188 196 186 190 193 200 212 203 212 217 225 231 235 240 246 267 260 271 275 281 288 296 312 302 314 321 330 338 344 349 369 362 385 360 366 376 387 398 393 401 409 424 412 421 431 420 430 435 446 454 462 470 477 469 478 485 492 498 488 501 506 514 532 522 514 506 513 523 530 539 545 561 553 561 552 539 548 556 545 538 551 558 565 558 573 565 559 555 560 578 566 562 566 563 571 578 567 557 562 567 573 579 573 569 572 576 574 580 584 591 578 593 583 579 577 579 583 590 585 576 588 573
137 135 140 137 141 138 150 144 149 152 147 151 158 161 166 173 180 188 196 192 205 191 194 201 207 215 210 217 224 229 236 242 246 250 254 274 286 279 285 293 300 305 310 321 330 338 345 350 365 356 371 376 367 376 384 396 410 401 408 416 440 418 428 439 428 435 444 454 462 469 478 496 475 483 492 500 515 494 520 512 520 527 541 522 514 520 531 536 547 554 568 560 570 558 548 557 564 554 546 570 563 572 564 569 576 564 560 565 570 577 569 577 571 575 585 580 563 569 574 579 586 579 575 589 582 578 583 587 599 585 588 586 584 579 582 586 596 590 579 582 578
143 137 144 141 143 140 142 149 152 155 151 156 163 167 174 178 187 192 203 195 200 196 202 205 212 222 216 223 229 233 241 248 254 270 260 266 270 274 281 288 295 300 306 313 319 325 332 340 346 351 357 365 373 383 392 405 417 407 417 424 432 425 435 448 435 443 452 463 469 475 501 487 481 492 499 521 506 499 505 528 537 542 532 527 519 526 554 545 552 562 574 569 575 566 556 564 573 560 552 557 580 595 568 577 589 583 567 571 576 583 574 582 575 587 580 573 568 577 581 584 591 586 579 582 591 585 589 604 594 588 602 595 591 584 588 592 588 584 582 585 584
147 142 148 144 157 150 145 159 154 159 155 159 170 176 179 183 193 198 210 200 208 203 208 212 218 232 224 231 237 245 250 255 260 264 277 270 277 284 291 296 305 313 336 320 325 331 341 350 366 357 362 370 379 390 399 419 424 415 424 430 439 434 442 455 441 450 459 469 475 483 492 499 489 501 507 513 529 506 512 519 527 536 544 533 527 532 540 551 558 571 583 575 589 572 564 569 578 566 557 562 571 586 577 588 580 575 571 579 586 594 582 586 583 594 586 577 573 582 587 593 600 593 583 587 595 589 592 597 608 594 608 600 607 589 591 595 593 591 588 592 586
149 146 151 148 151 154 151 164 156 173 158 165 182 188 182 193 201 212 206 203 215 209 215 219 226 248 230 236 244 249 255 262 270 277 282 275 285 292 297 302 311 318 327 340 331 340 350 358 376 366 372 381 386 395 406 411 417 425 432 439 447 441 448 470 450 457 465 476 483 491 499 505 498 510 516 527 520 513 520 528 534 544 553 542 534 543 549 559 568 580 588 597 582 577 569 577 593 572 564 569 580 592 583 593 588 582 578 583 591 607 587 595 591 600 593 585 577 601 593 598 607 600 597 590 600 596 603 609 601 597 600 607 598 592 598 604 600 596 592 595 591
154 149 153 152 156 160 154 158 163 166 161 170 176 180 185 188 195 200 213 206 209 212 222 229 235 240 236 240 250 257 264 268 275 285 301 282 292 297 303 309 318 324 335 348 338 347 355 363 369 374 379 388 396 401 414 421 430 452 438 446 457 449 456 462 456 465 473 485 491 500 506 515 507 519 528 537 528 520 528 534 542 553 560 551 540 551 558 567 576 602 593 606 590 584 578 591 584 579 572 577 589 597 591 605 596 590 582 588 608 600 593 606 599 607 601 589 582 590 600 604 617 611 604 595 612 603 607 621 605 600 607 612 604 598 602 609 605 602 597 601 594
162 151 165 156 162 166 159 165 179 173 166 176 181 188 197 191 205 212 216 211 217 231 237 250 242 248 241 245 256 261 268 276 283 289 293 289 296 301 308 314 324 333 344 354 347 355 362 370 375 380 385 395 405 411 436 428 436 443 449 455 465 455 462 468 462 472 480 493 499 507 513 521 514 526 534 543 536 527 535 544 550 560 569 559 547 560 566 572 583 589 599 615 604 595 587 599 592 586 581 588 594 602 596 610 602 594 588 592 596 608 600 610 605 614 608 602 586 604 618 611 629 622 616 600 606 617 611 615 610 607 612 620 615 601 617 611 609 606 600 607 599
158 155 159 164 173 168 165 168 171 176 173 180 186 191 203 196 200 206 209 217 220 224 228 232 236 241 248 255 261 266 272 282 291 299 306 293 302 307 315 321 329 340 351 363 355 364 373 380 393 386 395 403 410 417 422 437 443 450 458 464 474 461 470 478 468 480 489 499 506 514 523 532 523 533 542 551 545 533 543 551 557 569 578 566 554 584 575 581 588 597 607 623 612 604 596 604 597 593 587 595 604 610 602 619 610 601 595 617 603 614 606 618 609 604 598 594 590 596 600 604 608 612 609 605 613 623 616 620 617 611 625 614 609 604 608 621 616 612 602 613 602
167 161 167 172 178 171 169 171 175 191 180 183 192 198 215 200 214 221 213 233 227 238 232 240 255 247 252 260 267 272 277 297 301 305 318 300 307 313 321 329 335 354 361 372 363 373 381 390 399 394 404 410 418 426 433 443 449 458 466 472 485 467 477 486 476 488 496 506 512 520 532 539 532 539 548 560 551 542 551 559 568 575 584 575 563 569 583 589 595 602 614 637 617 626 602 623 607 601 596 601 613 620 611 625 616 610 602 609 617 625 612 625 613 621 610 602 597 601 605 611 615 619 616 611 620 635 620 630 625 614 618 625 613 609 623 626 618 617 612 607 604
169 166 171 180 185 176 181 174 181 184 196 189 198 203 208 203 207 213 216 223 234 245 240 248 263 253 260 267 274 289 281 289 295 299 310 304 312 320 326 334 340 346 354 363 371 382 390 395 409 403 413 420 429 437 444 450 457 467 473 486 479 473 483 492 483 494 502 514 520 526 541 547 540 546 556 566 560 548 560 569 578 586 592 582 570 576 591 597 606 614 623 630 624 613 608 614 620 610 605 612 619 629 617 632 625 617 607 614 621 632 616 637 621 629 615 608 601 606 611 616 623 628 619 616 625 628 623 636 621 618 621 638 617 613 616 621 624 622 616 611 609
172 170 173 176 182 178 183 181 187 192 202 196 205 212 219 206 212 219 224 238 245 249 244 262 270 261 266 275 282 297 289 296 300 305 317 308 320 325 335 344 353 367 359 379 385 393 398 410 421 409 420 427 437 444 450 456 465 474 483 496 488 479 490 499 492 501 510 522 531 538 547 554 547 556 564 578 569 557 567 578 586 595 603 591 576 585 607 614 621 630 647 638 632 622 614 619 629 620 613 618 625 638 626 639 632 625 615 623 629 625 620 629 625 636 623 615 607 615 634 621 627 635 628 623 631 635 633 627 624 621 625 631 621 617 624 636 627 626 621 613 619
184 173 183 190 185 183 189 186 202 195 207 201 218 225 214 210 215 224 228 231 238 242 249 255 263 268 275 280 290 303 293 300 308 314 324 315 326 332 340 352 362 376 365 370 378 385 394 403 412 417 429 436 446 455 463 471 478 487 493 503 494 487 499 508 500 507 519 528 538 546 554 561 554 562 570 587 578 566 575 584 592 601 613 605 584 592 598 604 611 619 626 633 642 629 622 628 636 625 620 625 633 646 635 645 640 631 621 628 643 635 627 639 633 642 630 623 612 619 627 647 633 643 633 628 637 641 647 639 633 627 632 627 624 621 628 631 636 630 627 619 623
178 175 177 179 183 188 195 190 193 201 213 207 211 217 221 214 218 231 239 234 243 251 256 262 268 279 285 296 305 312 299 305 313 320 328 323 333 340 348 361 370 384 374 379 387 393 400 409 421 426 438 447 456 464 470 480 489 496 509 517 502 494 523 514 506 515 526 536 546 554 563 571 560 569 577 596 584 573 584 590 601 615 606 597 590 598 607 614 622 631 639 646 656 635 629 637 642 636 629 637 643 655 641 653 645 639 627 634 638 644 635 649 641 647 638 631 617 624 632 639 655 647 642 635 651 660 653 645 637 634 641 631 627 625 635 642 647 632 638 631 625
181 178 184 193 187 191 200 196 203 207 218 212 216 222 231 217 232 236 247 241 249 256 260 270 279 273 278 288 298 304 318 310 319 327 337 332 339 349 361 371 381 375 397 388 399 413 405 416 429 438 447 456 465 473 481 490 497 513 502 526 511 501 507 521 514 524 535 544 554 562 572 580 567 578 587 602 592 580 607 598 610 633 613 603 597 604 615 621 631 640 647 654 648 641 635 642 649 642 635 645 651 671 648 659 650 646 636 643 652 660 641 660 647 659 652 646 624 631 637 646 661 651 649 641 644 648 660 652 647 640 645 640 635 630 654 647 639 635 645 637 631
186 181 188 197 192 196 205 199 208 214 223 217 220 240 226 222 225 229 233 236 240 248 255 261 265 269 275 283 290 319 311 315 330 322 329 339 347 362 355 364 376 370 379 403 394 400 412 427 421 430 439 447 454 463 470 478 486 504 495 503 520 509 516 530 520 533 544 551 563 569 581 590 574 587 593 611 599 587 593 606 617 624 619 609 604 612 624 630 639 649 658 666 654 647 642 651 660 649 643 650 658 663 656 667 659 654 641 650 661 651 645 652 665 648 643 638 632 640 647 655 674 659 653 648 657 651 655 669 650 647 653 645 641 635 642 659 643 649 641 639 637
191 183 194 203 198 203 208 206 212 220 227 223 228 233 230 225 239 232 239 245 251 258 273 265 271 277 284 289 294 298 304 309 313 318 324 332 337 342 348 353 360 365 374 383 388 395 402 408 415 422 430 438 446 452 459 467 475 481 488 497 504 516 522 537 526 541 550 560 572 580 588 597 583 594 600 619 608 596 602 614 626 634 626 615 610 618 633 640 648 657 665 674 661 654 648 660 668 655 650 656 665 672 665 673 665 674 646 659 679 659 650 663 657 653 648 644 637 648 652 662 666 671 663 655 660 657 667 662 656 653 659 651 644 640 659 653 646 655 651 645 640
203 189 200 207 200 209 217 212 219 237 230 228 235 242 237 232 244 238 245 248 256 263 280 270 278 282 292 296 303 309 321 315 322 342 333 341 346 353 359 379 365 374 382 391 396 401 411 418 425 432 440 449 456 465 481 473 483 490 497 505 514 524 531 544 534 557 564 573 584 591 598 607 590 601 610 626 615 602 611 623 651 642 634 625 619 626 641 650 658 664 674 682 667 663 655 668 675 664 657 662 671 678 672 688 679 660 655 679 670 664 658 667 662 658 652 648 643 654 661 668 682 675 670 660 670 663 675 669 660 656 671 665 650 643 648 659 651 658 655 651 646
197 193 195 197 205 218 224 217 223 227 241 234 240 248 243 237 256 242 258 252 263 269 290 276 282 290 297 305 309 316 326 321 326 331 340 346 352 358 365 371 379 386 395 400 405 412 419 425 434 441 449 456 465 473 493 479 490 496 505 511 523 530 539 553 541 548 557 566 575 583 590 624 599 609 618 635 623 611 618 629 635 651 641 634 625 634 649 658 664 672 683 692 680 671 664 675 682 671 664 672 680 691 683 678 671 665 660 667 682 673 666 675 668 675 663 656 650 660 665 672 690 681 674 668 674 667 683 673 666 663 678 658 653 649 655 665 655 665 661 654 650
202 199 203 199 211 213 221 234 227 240 246 237 245 251 248 243 250 246 251 266 274 279 283 291 299 306 312 319 325 332 340 327 331 339 349 354 360 365 373 382 387 396 401 410 419 440 428 434 443 451 457 463 472 479 485 494 501 508 516 522 530 536 548 561 549 558 565 574 583 591 598 615 606 616 626 644 631 620 627 636 643 660 649 642 632 643 664 670 676 687 693 702 686 680 673 683 691 680 673 682 687 704 695 689 683 674 665 672 677 684 674 682 675 683 671 664 658 665 672 680 695 686 678 672 681 671 677 687 669 675 668 665 672 656 662 671 662 671 667 657 653
208 202 207 203 205 222 216 225 241 234 241 245 255 258 252 249 255 250 254 258 266 271 276 281 288 295 302 309 315 321 327 334 340 347 354 363 379 370 378 403 395 401 408 419 426 431 438 444 453 459 468 476 485 493 510 501 510 518 524 531 537 545 555 569 556 567 576 584 593 601 608 623 613 625 633 652 638 627 636 644 652 669 658 651 639 649 656 665 671 679 687 693 699 689 680 690 700 685 681 687 696 712 704 695 689 683 672 679 684 701 678 686 682 689 678 670 662 678 685 689 703 693 688 680 684 678 685 681 674 682 675 671 663 660 669 677 668 680 673 661 656
216 206 215 211 207 210 213 220 225 230 237 242 249 255 261 254 262 255 261 266 272 279 283 289 294 303 307 316 323 328 336 342 351 359 365 372 386 379 384 390 403 408 414 425 435 443 452 461 475 466 474 483 493 502 518 507 519 526 534 541 550 558 567 576 564 576 583 591 600 608 615 631 622 632 642 659 646 635 643 652 660 676 664 659 647 655 665 671 679 687 693 699 705 697 688 696 707 697 690 699 705 721 711 703 696 691 680 687 701 692 686 705 689 697 689 680 666 670 677 683 689 699 693 686 691 683 688 687 679 687 678 674 669 666 681 685 678 673 667 665 660
212 210 224 216 212 216 223 236 229 235 242 249 253 262 267 261 268 261 277 271 277 285 306 293 300 307 313 321 341 334 340 347 357 377 370 380 394 388 407 397 411 424 433 441 447 455 464 471 482 474 482 489 505 512 527 514 528 539 548 559 566 575 582 591 573 584 593 600 607 615 623 638 629 640 651 666 653 644 652 659 667 683 672 681 653 661 673 682 690 697 705 722 713 706 694 703 716 704 696 706 714 728 719 708 703 698 688 696 711 699 693 697 694 688 683 675 671 676 681 689 695 704 697 693 703 689 699 692 685 691 685 681 672 669 674 679 683 677 673 669 662
218 215 219 225 215 220 237 242 232 240 247 256 262 267 273 266 273 264 267 284 288 294 298 306 312 319 333 325 329 338 346 355 370 363 376 395 386 393 398 407 420 415 424 430 439 448 457 463 470 480 491 505 496 502 509 522 542 533 541 550 558 567 575 584 592 599 607 614 623 631 638 645 638 648 659 674 662 652 661 668 675 690 680 668 662 668 680 688 696 706 712 737 722 713 703 711 734 709 702 713 723 737 728 720 712 704 693 701 706 719 701 708 699 694 690 686 679 683 689 693 702 708 722 705 698 693 708 697 690 702 698 684 682 675 678 684 687 683 675 674 666
222 219 222 221 218 227 230 233 247 253 258 263 270 274 278 276 270 267 272 277 282 288 293 297 304 310 314 320 327 333 340 344 351 358 367 372 380 385 390 396 403 409 414 420 429 437 445 454 461 467 476 482 490 498 504 511 517 524 533 540 547 554 562 571 579 588 595 604 611 618 626 635 645 657 666 683 671 660 668 677 685 697 689 678 670 678 689 698 705 714 722 728 743 720 710 718 725 718 711 721 731 744 733 726 720 711 701 707 717 712 707 715 706 699 696 692 684 688 694 701 706 724 715 711 704 697 702 706 700 695 691 687 692 681 685 689 693 689 685 679 668
228 225 229 224 222 239 246 237 240 245 249 270 263 269 274 286 281 274 278 285 292 299 308 301 309 318 332 325 331 341 360 348 357 367 376 398 385 392 401 410 424 415 421 430 439 446 454 461 469 477 485 494 502 509 516 531 523 531 540 548 557 564 571 579 587 597 606 613 620 628 635 643 653 666 675 690 680 668 677 685 694 706 697 685 679 686 696 706 713 722 729 744 735 728 716 724 732 725 716 729 737 754 740 734 727 720 707 715 723 717 712 723 712 704 712 698 709 692 713 705 710 717 734 726 719 702 705 719 708 703 698 690 687 684 692 702 687 682 677 673 670
233 229 234 232 227 233 236 240 244 264 252 256 260 266 270 274 293 277 285 291 297 303 321 309 313 329 336 331 338 345 352 359 364 373 384 389 394 400 406 416 430 423 430 439 448 455 462 468 475 483 493 503 512 519 527 538 529 538 549 557 564 571 580 587 596 605 614 623 631 640 649 656 663 674 684 698 689 677 685 693 702 714 704 692 685 694 702 713 720 731 738 751 759 745 722 732 739 731 725 736 742 747 759 750 744 736 713 723 741 726 720 728 725 708 719 705 701 697 702 712 720 727 720 716 711 705 709 713 720 715 708 693 700 691 702 695 690 687 684 679 675
235 234 240 235 231 237 242 247 251 257 268 261 264 282 273 279 286 282 291 296 301 309 314 327 319 323 328 337 346 352 358 363 382 390 401 394 403 409 416 425 436 430 438 448 456 463 471 477 484 492 500 509 518 528 537 544 537 547 557 565 572 581 589 596 603 612 623 632 641 649 656 663 670 681 693 706 698 684 694 703 711 723 713 701 694 701 710 721 728 738 746 769 744 736 728 740 747 738 732 742 750 756 749 741 734 727 721 728 733 739 731 723 718 714 731 712 707 702 710 728 733 741 731 723 717 710 715 723 711 706 702 699 704 697 707 701 697 693 689 684 678
241 236 244 240 237 242 246 250 254 261 273 264 269 275 280 287 295 289 296 301 306 314 319 335 326 332 338 343 353 359 364 368 373 382 387 403 410 415 422 433 444 439 448 453 465 471 479 485 491 498 508 515 525 537 546 552 543 555 566 573 580 588 597 606 614 623 630 641 650 659 666 675 682 690 702 727 714 691 701 710 720 731 722 709 702 709 718 730 736 744 753 760 752 744 736 746 755 749 741 747 756 763 757 748 742 736 729 737 743 750 737 730 724 719 724 720 715 707 714 720 725 732 736 729 723 715 722 719 714 726 709 705 712 702 714 708 702 696 691 689 683
243 241 255 244 239 252 262 256 260 265 269 286 272 279 284 292 300 293 313 306 310 321 326 342 333 338 343 351 357 363 372 378 386 393 400 420 427 420 430 438 455 446 454 463 473 481 488 495 503 509 516 522 534 545 553 561 549 563 573 582 591 600 607 616 624 633 640 650 659 666 674 684 693 702 709 718 706 698 709 718 729 739 729 719 711 718 724 738 747 753 761 769 761 753 744 754 765 758 749 754 765 775 767 759 750 744 738 743 750 756 747 740 732 726 732 726 722 712 720 728 734 738 746 735 729 721 733 727 723 719 716 710 716 709 720 711 706 701 694 693 688
255 245 249 255 243 246 253 262 267 273 289 279 276 285 292 297 306 296 303 313 317 327 335 353 337 344 348 356 364 369 386 398 391 399 406 411 416 427 437 447 461 451 462 469 482 491 498 505 512 519 527 536 545 553 562 569 555 578 586 594 603 611 619 627 635 644 653 660 668 676 684 692 701 711 719 728 713 705 717 726 738 747 737 728 719 728 736 746 755 762 771 779 767 760 750 762 773 765 754 762 773 782 774 768 759 753 744 749 758 763 752 744 737 731 739 731 727 719 736 751 743 749 757 748 742 725 728 734 729 722 719 716 723 716 726 719 715 710 697 703 691
250 247 255 249 246 249 258 268 275 279 282 285 281 290 295 303 313 302 311 318 326 333 343 347 341 349 356 361 370 375 379 384 404 412 417 424 431 437 446 456 473 466 472 477 489 499 508 514 522 529 536 545 552 562 571 579 562 569 578 585 592 599 607 615 624 632 639 647 656 665 674 683 691 698 707 716 723 714 724 735 746 755 746 737 727 736 745 754 761 771 780 789 774 768 756 778 787 773 761 771 781 788 783 776 765 761 750 756 763 770 760 750 744 737 747 736 731 724 728 734 738 743 747 742 735 729 736 743 740 734 727 723 726 739 721 714 711 705 702 696 693
252 249 251 257 251 258 263 274 280 287 292 297 288 294 301 309 318 306 323 328 332 341 347 351 348 353 361 369 375 380 385 389 395 403 409 414 420 429 438 444 452 457 464 473 480 489 498 507 513 519 528 537 545 552 558 564 572 580 587 594 603 612 620 629 636 643 652 661 668 675 683 691 699 707 716 725 732 722 732 742 753 763 754 744 733 754 763 771 780 788 795 801 792 783 762 770 777 793 769 776 787 796 789 781 773 767 758 767 774 785 766 755 750 742 763 744 738 746 732 741 753 747 756 750 743 735 741 752 746 740 734 728 735 732 725 719 724 716 711 698 696
256 253 259 263 255 267 270 281 290 283 288 291 295 298 305 314 324 309 317 322 329 335 339 347 355 362 367 381 385 390 398 393 401 412 418 433 425 434 444 451 460 468 473 480 486 498 505 514 520 529 536 543 553 562 571 580 595 586 594 603 612 619 627 636 644 652 661 670 679 687 695 703 710 718 725 734 743 729 740 749 762 770 761 751 739 745 753 761 768 776 782 788 782 774 768 777 790 784 776 785 796 802 796 786 782 776 764 775 784 779 773 760 755 750 755 748 742 754 738 748 760 754 760 756 751 741 747 755 750 746 739 735 738 737 731 722 720 727 706 700 699
258 256 263 259 257 262 265 270 275 280 283 288 292 296 301 304 308 312 335 327 334 340 345 355 361 366 371 375 380 386 391 399 410 420 428 438 430 440 451 458 467 477 484 493 502 509 516 523 530 536 542 550 561 571 580 588 603 594 603 610 621 628 637 646 655 662 671 678 688 697 706 715 723 732 740 747 760 738 747 756 769 778 769 759 747 753 761 767 774 783 790 799 791 785 777 784 798 790 782 791 804 811 804 798 790 784 770 800 791 800 790 769 763 757 763 752 760 748 743 754 771 760 779 772 764 747 754 758 765 750 745 742 735 730 725 719 716 713 708 712 705
262 258 260 262 261 268 272 279 285 291 286 294 307 300 307 312 325 315 322 339 354 346 354 361 365 371 377 385 400 392 399 407 416 429 436 447 436 446 459 464 475 499 490 499 510 519 527 533 542 559 550 559 569 577 588 595 616 602 609 616 628 635 645 655 662 669 680 687 696 706 713 723 730 740 747 760 753 745 756 764 777 787 777 765 755 762 768 775 781 789 798 807 799 792 784 791 806 797 790 799 811 819 810 804 796 805 777 782 800 786 781 774 771 762 776 756 768 755 750 761 765 775 768 760 756 753 761 773 757 753 752 747 740 736 728 738 723 718 711 709 707
266 263 267 273 264 274 281 284 292 299 292 305 311 304 312 316 319 337 326 332 340 361 367 383 375 383 389 395 405 400 404 412 422 449 441 454 445 454 465 472 480 486 499 504 517 528 537 546 553 565 556 567 577 585 594 601 609 625 616 623 636 645 652 663 671 679 689 698 705 714 721 732 741 750 758 768 761 754 763 771 786 803 795 772 762 770 776 783 789 797 807 814 805 798 792 800 815 804 799 808 819 827 818 812 804 790 784 790 813 799 791 786 780 776 768 764 783 763 757 769 777 785 774 764 759 756 774 767 761 767 757 751 745 742 735 731 726 733 715 713 710
273 268 273 277 270 287 292 287 302 309 296 299 306 312 326 319 325 330 336 341 346 353 357 363 370 376 381 388 396 406 412 418 430 437 447 463 451 463 472 480 489 496 505 510 526 536 543 552 561 574 562 576 584 593 601 610 617 632 622 630 654 662 670 677 684 695 702 709 717 725 734 743 751 760 767 776 768 761 772 780 807 794 786 780 770 776 785 794 802 811 818 825 816 809 801 808 824 813 807 815 825 835 826 821 809 800 792 798 804 809 805 796 789 782 776 770 775 770 765 780 787 793 780 770 763 759 766 771 766 773 769 763 748 755 745 741 735 723 718 722 712
279 274 279 284 275 280 284 292 296 299 309 304 318 324 331 323 328 335 341 347 353 357 365 372 388 380 388 392 404 411 419 426 437 445 456 473 459 471 481 487 496 501 513 522 535 542 552 558 567 582 569 599 590 600 608 616 625 639 630 637 645 652 660 669 678 686 694 701 710 718 727 734 742 749 756 765 779 770 779 789 798 805 793 786 777 783 792 802 809 817 825 831 822 815 807 817 831 822 816 824 834 840 848 835 814 808 797 806 815 820 812 803 797 787 783 777 784 777 769 773 777 782 790 778 771 765 771 777 770 765 760 757 753 746 740 735 729 726 721 717 715
284 279 282 289 281 286 293 296 299 304 315 308 312 316 320 339 332 339 352 359 367 381 373 379 392 386 396 402 410 418 425 434 442 454 461 466 475 484 492 498 506 515 524 532 540 547 558 567 582 597 578 585 598 607 615 624 633 651 639 646 654 662 670 677 686 695 704 712 719 727 736 743 752 760 767 782 791 779 786 798 805 812 802 793 786 795 804 812 821 829 838 852 829 821 813 826 836 831 821 833 857 848 836 827 820 813 806 812 820 828 816 810 805 794 787 784 792 785 773 781 786 792 800 790 774 770 774 782 776 770 774 765 758 751 744 738 736 729 724 734 721
290 284 287 300 287 292 299 309 304 310 319 313 319 333 327 330 339 342 345 352 356 361 366 374 382 393 403 407 424 439 431 438 449 461 468 476 484 493 500 506 515 528 534 540 548 555 566 583 574 588 596 603 610 617 624 632 639 645 662 655 664 673 682 690 699 707 714 721 730 739 748 757 765 774 782 775 784 791 798 806 815 821 811 800 793 803 810 819 827 837 849 843 837 829 821 835 847 838 830 838 843 854 841 836 826 819 814 821 828 839 822 814 809 805 798 792 797 790 781 789 797 804 788 784 780 787 777 786 780 776 768 760 767 754 758 753 747 731 743 728 724
301 296 290 294 291 295 308 315 311 318 322 318 322 325 332 338 354 345 352 355 362 366 372 381 390 400 407 411 417 422 426 432 440 449 457 466 472 481 486 502 510 519 527 534 540 546 553 558 567 579 587 593 602 611 619 625 634 640 649 663 671 685 676 684 692 700 708 715 722 729 737 746 755 762 776 767 776 783 792 798 804 816 833 807 799 809 818 828 837 846 865 855 846 837 829 843 853 844 838 846 853 859 849 842 835 825 820 826 839 832 827 819 813 811 803 796 801 794 788 795 803 808 800 792 786 799 782 776 773 767 764 757 754 751 748 744 740 734 737 733 726
304 299 295 305 293 299 303 307 317 322 327 324 327 332 337 342 347 351 356 359 368 373 379 387 394 413 423 415 423 430 443 436 463 455 465 473 481 488 500 493 499 511 518 525 531 536 542 552 559 571 577 585 593 601 609 615 623 631 640 649 657 663 670 678 686 693 699 708 714 738 723 732 741 750 768 759 768 775 781 789 799 808 824 815 808 818 826 837 846 853 859 868 854 845 837 854 865 853 844 853 858 864 855 849 844 833 826 835 848 839 831 825 821 815 810 804 810 801 796 801 810 822 815 796 790 793 800 794 787 771 777 760 766 758 755 748 745 737 751 743 731
308 304 298 300 299 301 310 316 320 326 330 328 331 336 344 348 354 359 363 369 375 382 389 394 399 406 412 421 427 446 451 440 447 451 459 466 471 478 483 488 493 502 507 512 521 528 537 545 553 562 571 578 584 591 600 609 616 622 630 638 644 652 659 665 674 683 691 697 703 709 716 724 732 740 746 752 759 766 775 783 792 799 807 824 815 826 833 843 852 861 870 884 861 853 842 847 856 865 849 858 867 876 871 862 855 839 833 843 856 846 838 829 825 819 815 808 818 809 803 810 818 813 807 799 796 790 787 783 780 774 770 767 774 769 762 759 752 740 746 737 733
310 308 304 312 303 308 322 332 327 334 340 334 348 342 348 354 370 363 370 374 380 388 393 399 403 412 416 428 433 438 443 448 454 460 466 472 478 485 494 501 516 507 516 525 532 540 545 554 563 572 578 584 592 598 607 615 623 631 637 644 652 660 669 675 683 689 698 704 713 721 727 735 743 749 757 780 766 775 783 789 798 805 816 830 822 832 841 850 858 867 882 876 868 862 850 859 864 859 854 864 883 869 862 855 849 844 840 850 870 861 855 847 840 823 819 816 824 814 808 818 823 817 813 807 802 793 799 789 785 782 777 772 764 759 753 750 744 742 754 741 737
323 317 306 308 308 312 316 320 324 329 346 337 340 348 363 357 361 369 375 378 383 400 413 405 409 423 430 434 444 452 460 468 459 467 471 477 485 494 500 508 523 515 525 530 538 546 554 562 571 577 586 592 600 606 616 623 631 640 646 653 660 667 676 685 692 700 707 715 722 730 736 742 749 757 763 771 779 787 795 803 811 818 825 837 831 839 850 859 868 874 898 889 882 875 856 865 878 871 862 869 874 888 869 863 858 852 847 868 856 848 841 836 832 827 833 823 828 822 815 822 827 822 817 823 814 798 804 801 795 792 786 780 776 771 757 755 747 753 748 744 742
316 311 308 316 311 321 324 332 327 332 335 341 346 351 354 363 366 381 392 385 389 393 399 421 413 417 422 430 437 442 449 454 467 473 478 483 502 510 505 515 532 523 532 540 548 556 565 574 593 583 595 601 610 618 626 633 639 647 653 662 670 677 686 693 700 709 716 738 730 738 744 752 758 765 771 777 786 796 803 812 818 825 832 843 837 846 859 866 875 882 889 882 874 868 863 872 887 876 870 876 890 881 876 868 864 858 852 860 871 852 846 840 838 831 841 830 837 829 821 828 835 830 822 815 808 803 797 792 788 781 778 773 768 764 761 759 752 758 750 750 744
327 321 310 320 313 315 320 326 334 340 352 345 350 356 361 366 372 375 381 391 394 402 408 428 418 424 429 435 444 448 456 470 474 483 493 487 493 500 512 521 537 529 537 547 553 563 574 579 584 600 608 616 625 632 640 657 648 655 663 675 683 691 708 699 709 716 733 724 739 747 753 759 768 776 783 792 801 809 829 820 827 833 842 856 849 858 865 872 882 889 900 893 884 876 870 881 895 884 876 884 897 890 883 891 877 868 860 873 865 857 850 847 843 838 849 835 844 837 825 833 842 835 830 825 812 808 802 796 793 787 793 780 777 771 765 763 758 761 757 753 749
321 316 312 316 329 320 325 330 343 351 346 357 362 365 371 377 388 382 389 398 403 409 423 416 422 429 436 443 452 460 468 462 467 478 485 492 498 509 523 516 524 536 546 555 563 576 567 575 600 591 598 606 615 622 629 635 641 647 653 666 672 680 687 693 699 705 712 718 725 732 740 747 760 766 772 785 793 801 817 809 818 826 833 849 841 848 859 865 873 881 890 898 907 887 878 890 909 899 881 891 914 906 888 900 885 875 865 879 869 862 855 863 853 846 863 842 850 843 833 848 836 828 821 818 815 821 813 806 799 793 786 783 781 774 772 767 761 774 766 761 755
324 320 318 321 323 322 338 332 336 340 343 350 354 360 365 371 374 379 385 390 395 398 402 410 416 423 431 436 442 449 454 458 463 470 476 483 490 497 504 510 519 524 532 540 549 556 561 570 578 586 593 598 606 615 621 627 634 641 649 657 665 671 678 686 692 699 705 711 717 725 734 742 751 758 767 776 782 788 795 802 809 816 822 828 834 843 851 859 865 872 878 886 893 904 886 907 900 891 886 899 906 898 893 905 897 889 869 886 876 869 861 868 860 851 855 850 862 855 838 842 848 841 835 822 818 833 820 811 803 800 795 791 787 783 779 771 765 769 773 768 758
329 327 324 328 334 325 330 336 339 344 350 357 364 371 381 374 381 386 390 394 400 403 408 418 424 430 438 443 450 457 461 467 473 479 487 502 494 509 518 525 537 531 540 548 558 563 570 577 583 591 599 605 613 624 630 638 645 654 661 669 687 678 685 693 699 707 714 722 731 738 747 755 764 772 781 787 795 813 804 811 817 824 833 847 840 849 858 868 877 895 886 892 902 896 891 896 907 902 893 917 924 913 904 896 890 882 874 878 882 877 867 880 873 856 871 861 853 849 844 851 839 834 828 825 832 827 823 818 813 807 801 798 794 787 785 781 768 779 769 763 760
333 329 326 332 344 331 334 340 343 350 355 364 369 381 385 380 386 393 397 409 403 406 422 428 432 443 457 449 457 461 469 475 479 487 494 513 498 503 511 518 526 537 545 553 564 570 578 587 596 612 604 611 619 646 637 645 651 660 670 677 696 684 693 701 707 715 724 730 739 745 753 764 772 781 790 798 806 821 813 821 829 836 844 854 848 855 864 875 886 901 891 898 907 901 896 902 916 907 902 908 915 923 913 904 898 889 881 886 892 883 872 888 866 860 865 872 864 856 852 864 846 841 831 829 826 819 814 808 803 797 793 789 785 782 777 775 772 774 772 767 765
338 335 331 342 338 334 340 346 351 358 362 367 372 375 381 385 391 396 408 416 423 410 415 423 429 437 444 464 468 476 481 488 495 511 503 507 503 511 518 527 533 544 553 558 572 580 586 595 603 624 609 620 626 631 644 653 661 670 677 684 704 692 699 707 714 724 732 739 746 755 763 771 778 788 799 806 813 828 819 827 836 845 854 866 854 860 878 890 898 906 900 911 917 910 903 911 933 915 908 917 923 928 920 914 909 902 886 890 899 887 882 877 873 867 875 891 871 861 866 858 852 846 840 834 839 822 818 815 808 800 797 794 800 792 789 778 775 787 774 772 767
346 343 333 336 343 339 344 351 354 363 367 371 375 382 386 393 410 399 402 408 412 419 426 433 438 443 449 456 461 467 472 476 482 489 497 502 511 515 533 538 546 554 559 564 580 589 594 600 610 615 624 630 635 644 650 660 666 680 695 689 696 704 710 716 722 731 744 751 763 777 770 777 785 794 806 814 823 842 833 841 848 858 847 857 873 865 870 883 893 900 915 905 911 916 909 918 924 938 917 926 938 919 913 907 900 895 891 896 910 893 888 883 879 872 891 883 875 868 883 863 859 851 847 839 831 825 823 829 812 805 801 798 793 786 783 781 778 781 780 775 772
342 337 335 338 347 343 350 356 360 368 373 390 380 386 392 400 404 413 406 413 419 423 431 439 443 448 453 468 472 477 484 489 496 501 507 513 517 521 525 531 539 547 553 559 568 576 583 596 602 612 631 637 646 653 672 653 662 673 683 697 703 712 718 724 732 747 737 743 754 760 779 787 777 785 794 802 810 818 825 834 842 850 841 850 859 873 884 877 887 893 908 898 906 924 917 926 934 929 922 944 932 927 919 914 904 902 896 914 903 898 895 888 884 877 884 890 886 880 875 869 863 857 850 857 847 841 834 821 816 811 804 803 797 803 791 786 792 783 782 779 776
344 343 337 342 352 347 360 365 370 382 376 383 389 396 403 410 424 417 409 420 430 436 441 446 453 465 457 461 465 469 475 481 488 493 498 503 509 513 518 525 532 539 545 553 562 569 578 587 616 607 618 629 636 641 663 647 656 664 677 683 692 700 708 716 724 738 730 736 746 755 764 775 768 777 785 791 798 805 812 817 830 841 835 840 845 857 866 872 881 888 899 893 901 914 922 933 944 936 927 936 948 942 933 928 908 920 901 906 911 907 902 896 892 885 892 885 880 872 868 863 858 853 846 840 835 831 827 824 822 816 811 807 803 797 795 789 796 792 787 781 779
350 345 342 354 359 349 354 359 363 368 372 379 382 387 391 402 406 410 417 430 424 428 435 441 444 455 461 468 474 490 483 487 492 499 505 510 516 529 524 536 541 549 556 562 572 578 587 607 595 601 613 621 628 634 654 642 651 659 671 676 682 690 698 706 715 727 721 730 739 748 756 768 760 770 775 784 792 799 806 813 821 835 826 834 842 850 856 861 869 881 894 885 895 905 910 921 937 929 953 944 934 929 924 920 916 912 906 910 920 916 909 904 898 893 897 895 888 882 876 873 867 864 850 845 838 834 832 829 839 833 827 821 815 801 797 795 798 797 793 788 785
355 349 345 348 355 351 365 369 380 374 379 383 389 395 404 397 400 404 409 413 417 424 427 433 439 448 454 460 466 481 473 480 487 493 497 504 511 519 536 529 533 541 548 557 565 572 580 598 589 595 606 613 622 630 646 637 646 651 664 671 690 677 686 693 702 710 716 723 729 734 741 749 755 763 770 776 783 791 799 822 807 815 821 826 831 843 851 856 864 872 888 880 890 899 905 913 918 924 938 931 945 940 931 925 921 917 911 917 929 925 918 914 908 901 891 885 880 874 871 867 862 858 853 850 847 841 848 836 828 821 818 813 809 806 800 798 803 799 798 796 791
364 358 347 352 359 356 359 364 366 370 375 377 381 384 387 394 399 402 405 408 414 418 422 428 435 442 448 454 459 464 468 474 482 489 493 498 505 512 518 524 531 536 540 547 554 563 568 575 584 591 598 606 613 620 625 632 641 647 655 660 667 672 678 683 690 697 706 712 720 726 734 743 749 755 760 769 775 781 787 794 801 807 815 821 827 836 841 848 854 862 870 875 883 890 898 905 911 916 921 925 930 934 942 934 928 923 919 925 934 942 929 922 914 906 898 892 886 881 877 873 880 870 864 857 852 845 854 842 834 826 821 816 812 809 805 802 815 809 804 801 795
357 353 351 358 363 360 364 367 371 376 383 379 387 403 390 404 415 409 420 413 421 440 426 438 444 451 456 460 467 471 479 486 493 500 505 510 526 518 523 532 538 544 555 569 562 572 578 598 589 596 605 614 628 637 643 650 658 669 663 682 675 681 695 688 698 706 715 720 727 736 745 751 757 762 767 777 782 791 800 818 809 816 825 833 840 847 861 854 862 868 876 885 893 900 909 914 932 923 928 935 945 939 950 942 936 930 925 930 940 951 936 928 920 914 902 900 891 886 881 877 884 879 871 860 856 852 849 856 845 838 832 820 826 819 809 806 808 819 809 807 798
359 364 356 366 371 366 375 369 374 386 391 385 393 396 394 398 405 419 424 420 426 433 429 433 437 443 450 454 458 465 471 477 485 490 497 502 506 514 519 524 532 539 547 552 558 562 570 587 596 605 613 628 619 624 632 639 648 653 658 670 682 691 711 702 710 717 726 731 736 742 754 759 764 781 772 784 789 799 807 827 816 828 835 842 850 857 877 868 873 881 889 895 903 914 919 930 941 929 936 944 953 944 956 949 941 938 931 938 956 946 940 935 924 922 913 907 896 907 891 884 879 872 866 859 852 848 842 837 834 831 826 824 819 814 812 808 810 814 818 815 803
363 361 359 361 367 369 380 374 377 381 383 389 409 403 400 406 409 412 436 429 434 437 433 438 442 449 455 461 465 472 478 484 492 497 505 511 526 518 523 531 539 543 561 556 564 569 574 578 585 593 599 606 612 619 626 631 640 647 655 661 669 677 686 694 702 710 716 722 730 735 742 748 753 759 765 773 782 789 798 804 811 820 827 835 842 848 854 860 867 875 883 888 897 905 913 921 928 947 940 953 947 951 964 959 952 946 939 944 950 957 945 942 935 928 920 911 905 900 894 890 885 876 869 865 855 853 848 842 837 834 832 828 821 818 816 813 821 817 813 810 805
373 368 363 375 369 379 386 376 390 384 387 392 398 408 403 411 422 415 419 423 429 432 439 443 446 455 462 466 469 479 487 491 499 507 514 521 537 523 528 543 551 547 552 562 569 576 583 599 590 601 610 618 626 643 634 640 648 655 660 666 674 683 694 703 712 720 727 736 752 743 751 759 771 764 771 781 787 796 807 812 820 828 837 843 851 857 864 871 877 886 893 902 907 920 927 931 941 933 946 939 943 949 957 968 962 954 946 952 942 948 941 934 928 921 915 922 912 906 897 901 895 889 882 869 864 859 855 848 840 844 837 843 826 832 822 817 828 823 816 813 810
375 375 365 368 372 374 376 380 382 396 389 402 408 411 406 422 428 420 427 433 443 437 443 449 456 461 466 470 477 482 498 510 504 514 522 527 531 538 532 537 543 554 559 567 573 583 588 592 597 607 616 627 636 649 641 646 653 663 671 680 687 693 701 709 718 726 733 743 759 751 760 768 780 770 778 786 793 802 812 819 826 836 842 850 856 866 871 876 882 891 900 907 899 913 919 924 934 927 931 935 951 939 946 952 969 962 954 945 938 934 929 924 919 914 911 907 900 897 894 889 883 878 875 872 867 863 859 852 845 839 835 833 830 838 826 820 822 831 820 825 815
373 370 367 373 378 386 380 382 385 390 393 396 398 404 412 416 420 425 430 440 450 443 450 456 460 464 470 474 482 488 492 496 500 507 514 518 526 530 537 542 549 562 566 571 579 589 596 616 604 613 622 640 651 657 647 652 662 672 677 691 705 698 717 724 729 738 746 759 750 757 769 776 796 788 796 801 810 818 805 812 820 825 838 859 847 853 863 870 877 886 895 902 894 906 911 916 930 923 939 949 941 933 940 947 959 952 947 951 944 938 935 930 923 930 918 914 905 902 898 895 891 885 882 876 874 869 862 860 855 850 845 839 836 842 836 831 825 827 826 820 817
377 374 369 388 383 389 385 391 387 398 404 408 403 410 418 430 423 432 444 449 457 450 455 459 465 469 474 477 489 493 499 506 522 511 521 528 534 553 545 552 558 569 577 582 586 594 601 608 615 623 628 633 645 641 656 663 671 681 693 686 691 703 709 715 720 729 738 750 741 750 759 764 772 779 787 792 801 812 799 806 811 820 829 835 842 848 857 864 871 879 883 897 889 898 907 921 913 918 926 932 937 929 936 943 954 947 941 947 955 951 943 934 928 936 930 923 917 911 907 902 896 892 898 892 887 883 878 873 866 861 847 844 840 845 851 840 827 829 837 824 820
380 377 374 378 380 384 391 395 389 393 395 401 419 413 424 436 427 445 438 445 448 456 473 466 469 475 480 484 501 506 516 511 514 520 526 534 547 539 551 560 570 563 568 575 583 589 593 601 608 613 618 628 638 634 642 649 658 663 672 679 686 695 702 709 717 736 723 730 735 744 749 756 762 771 778 783 790 807 794 800 808 813 820 828 835 843 852 857 862 872 876 891 882 893 901 929 908 912 919 926 931 923 931 938 945 955 934 938 943 938 950 940 935 947 940 937 921 916 910 906 902 898 888 881 878 872 868 862 860 855 853 848 843 849 841 835 830 832 832 827 824
381 394 386 380 385 390 394 406 394 400 415 406 408 411 413 419 425 429 433 438 445 448 462 470 476 483 490 501 494 499 505 517 509 513 520 526 531 535 543 550 565 557 564 570 576 582 590 597 601 606 610 621 633 627 635 639 653 659 667 673 679 687 695 703 711 725 717 724 743 733 740 748 753 762 770 778 783 798 789 796 802 821 810 816 826 832 836 850 858 866 873 885 877 888 893 916 900 906 910 915 923 916 921 925 932 940 928 932 936 930 937 947 941 930 933 930 926 922 913 916 913 904 893 884 881 879 873 869 865 859 855 853 847 853 846 837 836 845 839 835 829
385 388 392 386 390 393 404 400 398 403 409 421 414 423 417 435 429 432 439 446 451 460 455 465 468 475 479 484 490 496 500 511 505 510 513 521 525 532 551 540 546 551 556 560 568 574 579 588 598 603 607 615 628 621 626 637 645 651 655 663 668 676 683 692 699 706 712 719 731 725 733 742 748 755 760 767 774 790 782 788 792 799 803 812 820 828 833 843 848 856 861 867 871 882 901 908 892 900 906 920 908 912 918 933 926 933 923 927 930 926 929 936 931 927 932 937 933 929 917 910 907 913 902 895 887 883 877 871 871 865 870 863 851 858 851 840 846 852 844 837 834
390 401 396 392 404 396 398 406 401 408 412 415 419 427 421 425 427 429 434 438 441 445 452 459 465 470 473 477 484 490 493 496 500 507 512 515 519 523 527 534 542 546 551 556 560 568 576 582 590 597 601 605 609 616 621 629 636 642 650 654 661 668 676 683 690 698 704 708 714 719 727 733 741 749 755 762 766 770 774 781 787 795 800 806 814 821 828 836 844 848 854 858 864 877 890 897 886 893 897 912 904 920 910 918 922 919 915 921 926 920 925 932 939 923 939 928 923 919 914 907 902 895 892 889 882 877 872 870 864 862 859 857 855 850 844 842 854 860 848 841 838
391 395 405 395 398 402 407 417 405 419 425 420 424 432 424 429 436 432 437 445 454 448 459 466 469 476 487 481 490 494 508 501 506 512 519 532 525 533 555 541 546 554 570 562 566 576 582 588 595 603 620 609 616 621 628 635 644 649 655 661 666 674 683 688 698 702 710 714 719 724 733 737 746 753 759 770 785 777 785 791 798 804 809 813 818 826 832 843 852 867 859 871 883 869 882 890 881 889 902 892 896 913 906 913 919 924 911 915 922 915 918 939 927 920 923 936 926 923 920 911 908 901 895 893 886 880 875 879 869 867 872 862 859 855 849 844 848 850 856 844 842
394 398 400 400 413 406 416 412 408 413 415 418 420 422 432 434 442 437 443 451 463 455 466 479 473 490 494 485 499 506 515 506 511 515 525 537 528 543 547 555 568 561 576 568 576 582 588 593 600 608 612 620 627 645 634 640 650 654 663 680 673 684 692 700 708 713 727 720 735 729 738 742 754 761 765 785 777 781 790 797 806 814 830 822 829 841 848 852 868 860 873 864 876 865 876 882 873 879 895 885 893 904 898 905 911 916 907 912 919 911 915 925 917 913 922 931 923 933 927 921 916 910 906 900 890 886 879 874 871 876 866 864 864 858 855 861 850 854 851 848 843
397 402 405 412 407 413 422 416 410 417 425 421 432 424 426 431 437 447 450 453 456 461 479 472 478 483 501 489 492 496 506 512 516 520 536 546 531 537 543 546 552 556 564 581 586 594 604 598 611 616 621 627 631 638 644 653 660 666 677 670 686 679 683 694 700 707 715 733 725 735 745 755 747 753 757 762 770 775 781 788 797 802 812 817 821 834 840 846 860 853 868 857 868 861 868 872 869 875 888 880 886 899 892 897 903 906 904 908 914 904 910 920 913 907 916 926 920 924 930 928 923 916 900 896 892 891 885 878 874 871 869 873 869 864 858 856 853 858 863 856 846
399 400 401 402 404 406 408 411 417 421 429 426 428 440 429 436 440 442 447 450 453 457 460 465 471 474 479 485 491 494 501 508 523 536 529 539 545 550 558 552 559 567 579 573 582 589 594 611 603 607 615 620 626 631 635 647 653 659 673 665 670 675 681 686 691 702 706 714 720 724 732 746 739 747 765 769 778 771 776 781 791 798 805 811 819 826 834 840 844 848 863 853 863 856 863 879 862 870 881 872 876 894 887 904 894 904 898 904 910 901 917 927 909 901 910 913 916 919 925 917 909 906 902 902 897 895 889 887 883 879 873 882 878 875 872 866 856 855 852 851 849
403 401 402 409 414 408 411 417 423 427 437 429 431 434 433 447 443 447 453 464 458 461 467 470 477 483 490 509 495 498 508 511 515 522 525 532 536 542 545 548 554 557 564 569 576 580 586 590 595 603 608 612 620 627 632 639 643 649 653 660 665 671 676 682 687 695 702 707 713 717 723 728 734 740 756 762 772 766 771 778 784 788 793 804 812 818 823 831 837 844 856 849 857 848 856 868 856 860 873 866 869 880 884 895 888 891 894 897 904 895 906 916 902 898 904 908 912 926 919 913 917 912 904 910 901 899 893 891 888 883 878 876 873 868 864 860 858 863 853 859 850
409 402 403 404 406 417 422 433 426 431 433 448 437 440 438 440 448 453 464 470 462 467 470 475 481 487 498 502 499 506 513 519 534 525 528 540 552 546 556 552 557 561 573 578 582 587 591 597 604 620 615 619 636 646 639 658 647 653 658 667 683 678 685 695 703 709 717 725 732 740 748 733 752 744 748 752 757 761 766 770 777 782 789 796 804 810 814 820 827 833 840 845 850 842 848 860 852 867 858 861 864 875 878 885 882 886 890 893 899 890 900 911 897 891 897 904 919 909 915 908 913 909 907 906 903 908 901 897 890 889 886 881 877 874 867 862 868 857 854 855 855
406 405 410 406 411 412 415 427 433 437 435 442 450 445 441 446 452 456 458 464 468 471 476 482 486 490 493 496 503 517 522 535 528 537 531 534 538 542 549 560 564 575 568 584 577 582 586 590 598 610 623 634 628 632 646 650 657 673 665 680 673 687 680 690 694 702 707 713 719 725 730 737 741 749 754 758 762 766 770 775 784 796 801 809 822 816 822 827 835 842 861 853 841 837 844 856 848 851 854 866 877 870 885 891 878 882 886 898 892 885 894 904 894 885 891 895 901 905 912 902 908 912 906 912 906 911 916 909 901 894 888 884 880 885 878 873 864 861 866 859 857
407 406 415 410 417 414 417 421 425 434 444 439 442 454 448 454 457 463 456 461 466 468 474 477 481 487 500 512 506 511 514 518 522 526 529 541 546 561 552 555 558 562 565 571 574 578 582 587 594 602 608 615 623 628 636 643 647 653 657 661 665 669 675 683 688 693 698 704 712 719 725 732 737 741 746 751 756 774 779 784 796 789 794 801 815 823 831 838 842 835 848 839 834 830 835 838 844 847 852 859 873 866 878 883 873 879 882 895 886 880 890 897 887 882 898 888 898 910 903 896 898 909 903 908 910 909 906 903 896 890 886 892 875 872 869 867 866 865 872 869 861
410 408 409 412 414 417 421 422 427 430 432 436 439 443 445 448 450 452 454 456 460 465 471 473 478 484 489 501 513 519 533 526 529 535 539 545 549 554 558 568 564 567 570 577 587 582 586 594 600 609 616 623 629 633 641 651 656 662 678 668 685 673 679 689 693 697 703 712 717 732 739 744 752 746 762 755 760 764 770 774 779 784 788 796 808 813 817 824 838 830 840 831 825 822 826 835 841 845 848 851 858 862 872 878 866 872 879 890 880 875 885 881 884 878 892 885 891 894 900 892 898 903 897 901 909 904 901 897 892 887 883 881 878 887 875 870 869 874 869 865 862
411 410 413 426 416 420 425 423 424 427 431 434 436 440 442 447 450 464 457 460 466 471 474 480 485 487 492 495 506 513 518 522 526 542 533 536 543 550 555 561 569 573 576 585 592 585 591 598 606 614 622 629 634 638 649 656 661 667 671 687 679 690 683 696 701 708 726 718 733 725 730 735 743 757 750 763 754 762 775 779 795 789 798 792 800 806 810 814 819 824 834 827 820 817 822 829 834 840 844 857 863 868 865 868 859 865 872 884 877 871 879 875 880 873 878 882 885 891 893 890 902 895 892 898 901 913 907 903 898 894 890 885 883 881 879 884 873 877 873 870 866
415 412 415 421 425 435 430 428 425 430 435 449 438 444 448 457 452 458 470 464 469 475 478 484 488 492 501 497 500 504 511 515 519 525 530 534 538 545 549 556 562 568 574 579 583 595 601 607 611 625 618 621 627 631 642 645 653 662 677 667 672 698 679 686 695 703 711 725 717 721 727 731 737 749 743 753 747 756 768 775 783 802 794 787 792 800 804 811 815 818 825 814 826 813 818 824 829 837 856 850 856 863 858 863 854 858 869 874 871 865 873 869 876 870 873 876 881 886 899 888 899 891 889 895 898 897 900 898 902 898 892 890 886 890 887 877 874 882 876 874 869
420 425 416 418 420 423 435 430 429 432 440 443 451 446 455 463 457 460 462 468 473 480 486 498 492 494 496 502 507 511 528 522 537 530 534 539 545 551 557 561 567 572 580 593 587 590 594 598 604 610 613 616 622 629 636 652 663 656 659 662 680 685 675 680 691 696 700 708 713 719 733 738 732 743 736 748 741 752 762 767 772 780 790 781 786 792 797 804 808 825 814 810 817 807 813 819 826 832 840 847 853 856 851 857 850 856 863 869 865 861 880 865 869 866 885 879 884 895 892 885 894 888 885 890 893 892 905 895 897 900 905 898 889 886 882 879 882 878 875 872 871
423 421 418 421 429 424 427 443 438 433 435 440 442 444 450 454 467 462 467 473 483 487 490 492 504 498 503 512 517 523 516 534 528 547 540 547 551 562 566 572 576 582 591 586 594 597 603 617 610 617 620 630 625 635 646 641 648 653 657 674 667 677 669 676 684 687 693 701 707 715 723 732 728 737 731 742 736 744 754 761 765 771 783 776 783 787 790 797 804 818 808 804 810 804 808 813 816 829 835 842 849 854 845 851 846 851 854 861 871 857 869 862 865 863 869 875 880 890 886 880 886 894 879 885 890 886 900 891 909 903 899 893 892 888 887 882 881 879 883 878 874
427 424 423 429 440 429 434 435 442 434 440 442 444 458 452 459 462 465 471 476 478 483 488 490 495 501 514 508 512 518 514 519 525 534 550 540 545 556 559 562 570 576 586 581 588 593 598 604 607 610 617 622 636 630 634 638 643 648 651 655 661 672 666 672 679 684 687 696 703 710 715 727 721 732 724 727 730 739 748 754 760 763 767 773 777 781 788 791 799 811 805 801 806 801 805 810 814 823 828 833 839 843 838 843 839 846 849 855 858 852 859 855 871 861 865 869 873 884 880 876 880 883 877 888 881 884 894 888 894 900 893 902 898 894 891 896 885 880 880 879 878
429 426 424 425 435 443 438 443 439 438 445 450 446 449 451 454 460 463 465 471 476 479 482 499 493 499 502 505 508 516 511 516 519 529 543 536 539 551 557 573 566 571 574 578 581 585 591 595 602 608 612 616 619 623 627 634 638 643 646 650 653 656 661 666 672 679 686 692 697 705 711 722 714 725 718 722 729 735 741 748 755 761 764 768 771 775 782 787 794 798 801 797 801 795 799 804 810 819 823 826 829 836 831 838 832 836 846 852 856 848 851 853 852 855 860 862 868 878 873 871 876 880 874 884 878 881 890 884 889 895 892 896 903 908 899 890 889 885 883 880 880
430 430 439 427 430 431 435 440 447 443 452 456 448 458 453 465 476 470 479 473 482 488 484 487 491 494 497 500 504 507 509 512 518 524 526 532 537 544 550 556 563 577 582 588 595 602 609 618 611 618 625 619 624 628 632 638 643 658 651 654 660 674 667 670 675 688 691 696 704 701 705 716 709 721 715 720 724 728 738 743 749 753 763 774 767 770 777 781 786 793 797 790 796 790 793 797 807 815 819 822 827 833 828 833 827 832 839 846 851 842 849 859 847 853 857 861 865 871 879 865 867 871 869 879 874 876 881 879 884 892 888 892 895 896 894 898 891 889 886 891 884
435 432 434 432 435 433 440 445 451 446 447 450 458 460 456 459 464 467 470 472 478 482 490 496 502 512 499 510 516 510 513 515 524 527 531 537 542 547 556 565 572 568 571 577 584 591 597 603 606 613 619 623 628 635 645 641 647 650 660 668 664 681 672 679 686 682 685 690 700 695 702 710 706 709 712 715 722 726 731 738 743 748 756 770 763 777 781 779 783 800 790 787 790 786 797 807 800 811 816 820 824 828 822 830 821 828 831 833 841 836 846 841 845 847 851 856 858 863 871 861 864 866 866 875 868 874 879 873 878 882 883 885 891 896 890 895 892 900 889 895 888
444 440 436 434 440 438 454 449 456 449 454 451 454 459 465 461 470 474 482 477 483 489 486 491 495 507 501 505 510 522 518 522 527 529 541 549 544 553 563 559 566 562 568 572 579 584 589 596 602 607 610 616 634 628 640 645 652 660 655 658 661 668 677 672 678 675 681 684 688 691 694 700 703 708 718 725 730 736 743 749 756 745 751 755 760 767 779 773 777 781 786 782 797 781 791 802 796 805 809 818 829 821 818 825 815 824 828 838 830 833 842 837 843 847 856 851 855 859 866 859 877 871 863 869 864 870 876 871 888 883 883 892 888 889 889 890 901 895 893 900 892
454 444 438 437 452 443 445 446 450 452 458 467 456 466 470 463 464 469 472 475 477 481 483 488 491 496 499 509 519 514 516 530 525 541 535 540 543 547 550 552 563 557 563 570 574 578 582 588 594 598 605 612 622 625 634 641 659 648 652 657 660 664 673 668 685 671 675 681 684 704 697 716 709 719 713 716 720 725 730 736 739 742 747 762 769 758 764 769 772 779 783 778 785 778 785 789 793 799 802 813 818 826 814 820 810 819 822 829 824 830 835 832 836 840 845 847 851 857 863 857 863 858 861 864 861 866 872 869 875 881 878 883 886 889 888 891 896 902 898 904 896
449 448 441 438 447 458 446 448 454 466 461 462 461 462 464 467 472 476 484 479 482 485 496 490 495 499 501 503 505 509 513 519 521 523 529 535 541 545 547 549 551 554 558 562 569 574 579 583 589 593 599 603 617 624 629 634 639 643 648 653 659 670 665 661 679 667 670 676 682 688 694 707 700 704 709 730 723 732 736 743 752 746 756 750 758 753 758 763 779 784 777 771 779 774 779 783 789 792 801 808 814 820 812 806 808 813 818 824 821 823 828 830 833 836 843 846 855 863 859 855 858 856 867 862 858 859 864 868 872 886 875 880 882 887 884 887 891 893 901 896 901
457 451 445 440 442 453 448 452 459 456 466 461 464 467 478 472 475 482 489 483 493 489 500 494 497 510 506 514 510 513 519 521 524 530 533 542 553 547 553 558 563 556 563 565 585 579 583 588 592 598 613 606 610 615 621 625 631 636 643 646 651 657 660 656 672 661 669 683 675 680 685 688 694 698 706 713 719 726 729 733 737 752 742 747 754 749 755 776 769 778 768 764 774 767 774 780 783 790 796 802 806 811 805 802 805 818 820 830 819 827 837 829 839 845 839 855 849 852 863 853 863 852 854 860 857 865 859 862 870 879 872 876 884 879 881 885 887 892 900 895 899
453 446 442 441 444 445 448 450 452 455 459 460 468 478 473 478 482 478 482 491 487 496 492 502 499 503 512 517 512 523 526 524 535 539 536 538 541 546 550 552 558 563 566 572 575 584 589 593 599 608 605 610 614 620 624 619 625 631 635 653 644 647 658 653 665 658 665 677 671 675 681 687 690 694 702 708 711 721 725 728 731 743 736 740 761 746 749 759 763 774 764 760 771 762 768 771 781 787 789 796 799 806 803 800 802 811 820 814 816 822 831 826 829 832 837 843 846 851 857 848 856 850 852 853 854 862 857 870 865 876 868 872 882 877 879 883 887 897 891 890 892
449 447 447 445 450 455 449 454 460 457 468 462 463 465 468 469 474 476 477 479 482 487 490 498 501 507 518 513 521 517 521 535 529 534 548 542 548 550 554 559 564 566 571 574 580 590 592 591 595 602 599 606 609 627 616 612 618 622 633 640 637 644 652 646 649 653 657 664 668 681 687 690 694 704 698 703 710 714 718 723 730 738 732 737 754 743 746 753 757 767 760 757 764 759 765 769 775 780 786 792 805 811 801 796 802 805 810 812 814 818 827 823 835 840 846 837 841 845 851 842 844 848 855 864 859 854 855 862 863 871 866 867 871 876 882 878 880 888 890 887 891
451 455 450 446 455 458 454 455 457 468 464 463 470 467 477 471 478 483 479 481 489 497 493 494 500 503 506 508 512 515 517 520 525 529 535 540 544 549 559 564 569 562 568 582 577 580 592 586 588 608 593 602 608 604 612 608 615 620 626 637 631 638 648 641 647 660 664 671 674 672 679 686 700 690 693 696 702 707 713 716 722 734 728 733 747 739 743 750 755 758 756 752 761 756 771 766 771 776 782 786 795 799 795 792 799 810 816 822 816 828 823 821 830 835 841 831 837 843 837 839 848 854 851 856 850 851 854 858 867 862 864 867 869 874 880 877 880 884 889 882 884
460 456 455 449 459 464 455 461 458 460 462 463 467 470 472 477 482 487 485 482 485 488 491 494 497 501 512 517 514 518 531 525 531 535 541 550 542 559 553 555 557 560 563 572 575 584 579 584 594 600 590 596 602 598 602 605 611 614 618 631 624 630 643 636 642 650 655 659 671 665 674 677 693 686 692 701 709 704 708 722 712 718 722 729 740 733 738 744 749 752 762 749 756 752 761 764 768 770 778 782 791 795 792 790 796 805 811 816 819 813 829 819 825 830 836 825 832 838 835 837 842 847 848 847 849 852 858 862 858 859 862 863 872 868 873 875 878 879 880 881 883
455 454 452 450 453 456 462 470 460 462 465 473 469 477 473 488 483 492 488 486 496 491 494 495 503 510 505 511 519 527 522 531 535 538 534 545 539 549 551 555 566 559 562 568 571 578 574 578 581 586 588 592 594 596 598 602 607 609 613 615 617 620 627 631 638 645 649 666 656 660 668 673 685 679 684 695 701 697 702 714 708 714 716 719 724 728 733 737 743 749 754 745 748 750 756 760 765 770 774 776 786 792 795 788 790 801 806 811 816 809 820 814 818 824 830 823 828 830 832 836 839 841 853 845 847 849 852 855 856 859 866 864 866 867 870 879 887 883 885 882 886
456 457 454 452 461 457 459 465 461 469 471 476 470 471 478 482 483 487 493 490 501 494 503 498 499 500 502 504 508 515 517 523 528 534 529 531 534 543 549 553 561 553 558 562 566 570 572 575 579 592 601 595 603 598 601 604 617 611 616 618 630 625 630 635 645 648 654 649 653 657 663 669 673 676 679 690 696 690 696 708 702 708 713 715 719 723 729 732 736 741 750 741 747 755 761 757 761 763 767 773 781 786 790 786 802 796 799 806 812 807 809 811 813 815 818 820 823 828 836 839 836 845 841 843 850 849 850 854 860 868 862 868 875 870 872 874 884 880 889 885 882
461 459 457 453 455 461 471 467 463 464 468 471 478 474 483 486 493 488 501 492 493 497 498 500 503 501 504 507 516 512 523 516 534 524 526 530 532 539 542 546 557 551 553 558 561 576 587 581 585 582 585 594 600 606 612 607 612 620 614 628 622 631 636 646 641 646 651 647 659 662 668 664 670 673 676 684 693 688 691 694 699 705 707 715 725 719 722 728 742 736 744 739 744 748 752 755 765 768 776 770 776 781 786 780 783 793 798 803 809 805 815 823 818 824 828 824 827 830 831 833 834 839 840 843 846 848 855 859 856 863 858 866 868 875 870 873 877 879 887 883 881
470 466 463 459 456 459 463 465 468 466 478 473 474 476 479 483 488 492 496 501 494 505 501 508 505 502 503 506 507 508 512 514 519 521 525 528 531 536 539 543 547 549 559 571 565 567 569 572 578 580 582 588 591 595 598 603 605 607 610 615 620 623 629 633 636 640 643 645 651 656 659 662 666 672 675 680 682 686 690 692 695 701 704 710 713 715 720 725 730 732 735 737 742 745 749 754 760 762 765 767 770 772 775 777 781 787 793 798 800 802 807 813 815 816 821 833 828 840 835 843 839 846 842 853 848 850 851 853 855 856 857 862 866 867 869 870 874 877 878 879 880