897 900 901 903 899 897 901 905 901 900 896 893 888 883 881 880 883 878 873 871 869 874 864 860 855 853 852 849 848 843 841 839 837 835 831 830 827 825 823 818 814 808 804 801 798 793 787 784 782 777 774 772 768 766 763 760 758 752 748 745 741 737 735 730 727 725 720 718 715 713 708 702 699 695 689 687 685 680 676 674 671 666 662 656 653 647 643 638 634 632 630 626 623 617 614 612 606 601 597 593 590 585 582 577 573 570 564 558 556 555 553 548 547 546 544 546 543 542 537 532 530 526 525 524 533 519 516 521 514 509 514 509 506 511 503 502 496 495 496 498 502
896 904 907 898 896 894 895 898 900 895 892 898 894 885 890 877 876 871 870 869 868 867 865 864 861 856 861 853 858 844 847 841 839 844 835 831 829 833 826 820 826 812 806 812 802 798 794 788 785 782 788 778 784 772 766 762 759 756 751 756 746 742 736 734 731 728 725 721 728 719 715 711 705 700 692 697 691 685 681 685 677 673 666 659 653 651 657 647 641 636 632 638 629 619 616 621 607 604 600 605 595 585 583 580 576 574 567 562 558 564 557 549 551 549 543 553 548 539 533 535 539 531 524 521 528 517 513 510 509 508 507 505 503 507 511 498 495 494 500 504 495
892 896 900 904 894 893 897 900 901 900 891 894 890 887 885 883 878 873 870 869 868 867 873 868 863 857 863 856 853 850 846 845 852 846 843 837 833 836 842 823 816 814 811 818 806 802 799 796 790 787 792 782 788 776 768 765 762 756 754 760 752 758 738 744 733 738 732 727 723 729 717 715 711 708 697 700 697 692 687 678 672 667 661 659 657 662 646 643 647 638 635 630 624 621 619 613 619 609 606 592 590 587 592 597 584 579 568 565 562 558 554 552 557 545 540 539 538 534 532 530 527 524 522 520 523 520 516 511 510 515 505 509 501 504 499 502 498 492 491 498 491
888 893 896 893 897 890 891 896 900 893 888 899 891 890 887 885 882 874 879 871 875 866 865 863 859 858 859 865 855 852 857 850 854 850 844 841 838 832 830 827 823 819 824 814 811 806 802 806 791 789 794 791 777 773 769 767 773 762 756 763 757 746 740 745 737 732 727 722 719 716 714 708 706 702 699 707 701 694 689 684 674 670 676 665 660 656 652 641 638 633 630 624 621 619 614 610 607 601 596 594 592 589 599 587 585 583 577 572 566 570 561 557 549 547 545 540 539 538 534 539 524 522 519 517 528 520 518 513 517 507 504 500 498 501 498 494 492 493 490 494 490
885 889 892 889 889 887 896 892 895 889 886 890 896 891 888 886 891 876 882 874 880 869 877 866 864 861 863 860 859 854 859 855 861 855 850 846 840 837 843 831 827 821 819 816 811 809 806 800 796 791 788 785 780 778 775 770 778 768 759 766 760 753 747 742 738 735 731 740 726 720 725 717 711 706 702 711 698 691 686 691 678 673 679 670 666 662 659 646 651 635 640 631 626 622 620 614 611 617 598 604 594 591 594 589 593 588 581 573 571 563 561 559 555 550 553 546 536 532 539 528 521 526 517 515 518 523 528 511 510 515 510 505 496 495 493 499 490 497 486 488 488
883 886 890 886 894 886 885 887 889 885 884 895 885 887 896 891 884 880 877 875 886 872 872 876 869 864 866 864 861 856 864 859 863 861 852 858 843 840 848 834 828 826 820 817 814 818 812 803 800 793 790 794 782 786 778 775 766 764 761 769 764 757 752 747 741 747 741 734 729 723 733 721 717 710 705 699 692 688 681 677 673 670 668 666 663 657 653 650 641 638 645 636 630 635 623 629 618 605 603 608 596 604 598 593 584 591 588 582 575 567 559 565 561 555 547 542 548 530 528 524 519 516 515 514 513 519 513 518 507 512 505 500 498 502 491 490 489 491 485 486 486
880 883 884 885 891 896 882 884 891 888 883 886 883 890 884 887 890 887 883 878 882 875 871 869 868 867 873 867 865 860 866 863 868 865 860 849 847 843 840 838 834 830 822 826 817 820 814 809 805 797 793 789 787 793 789 783 771 777 768 773 770 758 755 752 747 759 744 738 732 739 726 723 719 716 712 705 698 692 685 681 676 681 674 681 670 666 659 654 647 641 634 632 637 626 630 619 613 618 609 599 604 599 591 588 582 585 579 577 567 563 557 555 567 549 541 539 530 535 522 531 526 521 518 522 509 515 511 509 505 502 500 503 501 495 500 489 484 488 481 485 484
879 881 886 883 887 882 877 881 886 882 879 880 878 881 882 885 885 891 888 882 879 876 881 874 879 873 874 871 868 863 868 866 864 859 855 853 858 849 843 847 839 834 827 821 819 826 817 815 809 801 797 792 797 787 781 777 774 781 774 778 785 764 758 766 759 752 749 743 735 742 732 728 725 721 727 717 701 698 694 687 683 687 677 686 673 680 666 661 657 643 640 629 625 620 617 615 608 602 596 593 598 593 589 584 580 591 576 571 576 569 563 553 550 544 538 533 527 525 521 519 517 513 512 510 508 505 508 503 509 499 496 508 495 492 493 498 480 482 480 482 483
878 878 877 879 883 875 872 875 880 886 878 877 876 877 881 883 884 886 884 883 887 879 881 879 884 879 883 877 873 869 874 868 877 862 867 859 863 853 845 851 842 839 829 825 821 832 821 816 814 804 812 799 803 792 785 790 780 785 781 788 775 770 764 773 763 760 754 748 739 748 737 731 736 727 716 710 704 710 700 696 685 694 682 677 669 662 659 654 650 656 645 640 633 618 614 609 604 598 593 590 588 586 582 590 577 582 571 568 566 562 569 558 551 547 542 539 530 527 525 529 521 517 524 519 514 504 502 499 498 504 493 498 491 488 492 484 479 486 477 487 482
874 882 876 883 877 872 868 873 876 878 887 882 874 882 884 887 889 892 888 891 886 885 890 882 892 881 887 880 878 874 876 881 871 868 874 863 858 863 851 841 837 835 831 827 825 840 827 836 820 814 807 804 809 797 788 793 787 796 789 783 779 773 768 777 770 765 755 752 759 743 740 735 729 733 722 717 708 702 695 689 682 678 675 670 664 657 654 648 644 640 634 629 626 621 625 614 610 599 605 596 586 581 578 582 574 572 569 566 563 559 556 550 548 543 539 535 533 539 528 531 524 531 518 514 510 506 504 502 497 496 492 489 487 484 481 480 478 475 474 473 479
871 878 874 878 871 867 866 866 870 875 879 872 873 877 881 882 884 887 893 898 889 893 896 886 886 884 899 891 885 880 884 888 876 873 865 860 855 850 846 844 841 837 833 829 827 834 838 829 822 818 811 806 803 798 795 806 790 799 794 789 783 776 782 769 777 771 765 758 748 740 735 729 725 721 717 712 716 708 702 696 692 683 679 674 669 661 668 656 650 644 641 636 631 627 617 611 604 597 591 588 582 579 576 574 571 567 574 561 558 554 549 552 550 547 541 546 536 533 539 527 531 525 521 518 511 510 505 503 500 504 497 492 488 486 483 481 488 477 481 472 474
870 874 869 870 867 871 863 865 863 866 871 871 877 884 886 889 885 890 898 903 894 899 893 890 895 889 894 896 888 884 890 880 878 883 869 863 861 856 850 856 845 842 837 842 832 839 844 832 825 821 832 815 810 804 811 799 796 802 797 802 789 783 772 766 763 760 753 747 741 737 731 725 719 715 710 707 703 697 693 689 686 693 683 679 674 665 661 649 642 639 650 643 638 633 622 617 607 602 594 598 588 594 583 577 583 565 562 558 554 551 547 550 547 541 539 535 543 531 526 522 519 533 527 521 514 512 510 501 497 492 500 495 489 495 491 487 483 482 474 471 470
868 866 864 868 863 865 859 869 862 872 867 870 873 879 883 895 890 893 903 908 897 909 901 895 896 894 898 901 893 888 890 887 883 877 871 869 864 859 856 860 852 848 844 850 837 844 839 833 830 837 825 822 815 811 818 807 800 806 800 792 796 785 781 774 765 761 768 755 745 741 734 729 722 718 715 722 710 701 708 695 682 678 690 668 664 658 654 660 648 634 639 630 635 624 619 613 619 607 599 590 597 581 576 570 567 570 563 561 567 557 544 556 537 547 534 531 538 526 532 528 517 515 519 516 511 507 503 498 493 488 493 488 495 487 484 477 488 493 478 470 468
866 864 861 864 858 862 858 860 860 861 864 868 870 875 876 880 885 891 893 898 901 904 909 898 904 900 902 906 897 891 888 894 883 889 873 870 868 860 858 865 859 853 846 843 840 849 846 840 833 840 831 827 824 818 822 814 802 799 793 789 786 779 773 768 762 758 751 748 741 735 728 723 718 715 711 708 703 698 691 684 679 674 671 665 659 655 648 642 636 631 626 623 629 617 613 606 602 596 591 585 579 574 570 567 564 561 559 554 549 545 542 539 534 542 530 525 532 521 523 519 525 511 514 510 507 501 498 495 489 484 483 486 491 484 479 474 478 482 473 468 467
873 868 860 858 857 859 856 858 858 859 870 870 875 878 887 882 887 895 897 904 907 911 915 904 906 903 908 913 897 903 886 883 881 877 875 873 878 872 865 870 866 856 850 847 843 856 848 844 838 848 843 836 831 821 828 817 812 806 801 796 789 784 778 785 771 764 759 754 745 738 733 728 725 720 716 713 706 701 696 689 682 678 684 672 666 659 654 649 640 637 634 620 616 611 608 613 605 597 594 590 581 577 574 581 562 559 555 550 545 551 540 535 532 537 525 522 528 518 529 516 512 505 509 506 498 496 504 491 496 489 478 484 480 476 472 470 472 474 477 470 466
863 859 865 861 856 862 853 855 857 862 865 869 872 875 880 888 894 897 902 909 914 916 908 906 911 907 904 900 895 892 889 893 885 879 882 877 882 874 871 874 870 861 855 851 846 850 855 848 842 856 848 840 836 830 823 820 827 810 816 807 799 785 782 792 776 770 766 762 757 750 743 737 733 727 722 729 714 704 697 694 690 684 673 666 660 654 648 643 637 632 628 623 620 627 605 602 599 594 591 584 577 573 568 564 559 556 549 545 542 540 536 532 530 528 523 517 515 513 518 510 507 501 515 501 495 492 494 489 485 481 477 489 473 479 470 469 475 470 468 467 461
856 854 860 855 852 857 850 860 864 868 870 865 877 881 883 892 899 894 897 901 903 922 910 908 913 910 906 902 898 893 891 898 888 884 888 880 889 879 875 881 876 867 860 854 850 856 864 850 846 849 856 849 844 839 829 817 814 818 804 801 793 790 786 777 770 764 759 754 746 743 736 731 726 722 729 715 708 701 694 690 684 680 687 671 664 658 650 656 646 640 632 639 626 615 608 615 604 599 596 593 588 582 576 571 565 561 555 548 543 540 538 534 542 525 519 515 512 510 508 506 503 499 503 497 490 487 500 485 481 487 476 481 472 469 469 468 464 473 467 462 460
853 849 850 860 851 854 848 852 854 857 862 863 868 874 880 884 886 888 891 895 901 907 916 912 915 919 912 906 899 897 894 902 891 887 895 884 893 885 880 887 881 872 863 856 853 865 859 853 863 856 849 844 836 832 839 826 811 806 801 796 790 785 779 773 766 760 753 749 742 735 729 722 719 715 711 704 698 691 688 685 681 675 668 661 655 652 647 643 637 634 629 625 622 619 614 627 620 610 603 599 593 586 582 576 572 565 558 553 548 544 541 538 536 530 521 516 514 518 506 504 498 496 494 491 497 485 489 481 475 473 471 470 469 464 467 462 463 466 471 467 458
847 848 848 847 849 858 846 856 849 853 858 871 874 878 886 889 895 890 893 897 905 909 920 915 917 924 918 909 905 900 898 905 898 893 901 888 901 893 887 892 888 875 872 865 858 877 866 855 851 848 841 837 833 826 823 819 814 810 806 798 795 792 783 776 772 766 760 766 754 747 740 732 726 718 714 710 721 703 696 691 687 677 673 666 673 661 654 647 643 637 642 632 625 620 617 621 613 620 598 604 596 592 586 580 586 575 562 558 549 546 553 535 530 525 523 519 527 522 517 511 507 501 491 489 486 483 479 476 481 487 476 473 478 463 460 459 460 462 465 460 457
843 845 851 846 847 852 843 848 847 857 863 866 868 870 875 882 892 902 896 906 908 916 910 912 923 930 920 915 909 915 904 909 903 900 895 892 896 901 892 886 881 878 874 870 863 870 876 859 864 854 849 843 851 836 830 824 820 814 811 803 813 798 789 783 779 769 764 774 761 755 748 740 728 724 732 719 713 709 702 708 694 687 680 670 677 666 661 654 647 643 650 636 628 634 620 614 610 604 595 601 591 583 592 576 571 568 559 566 556 542 537 544 527 533 519 516 512 517 508 499 494 491 488 486 484 479 475 472 478 470 472 479 466 471 459 456 463 457 459 464 454
840 843 848 841 845 840 841 845 846 849 853 859 873 867 870 876 886 892 893 901 914 905 908 919 929 925 921 919 912 918 911 916 906 912 900 897 900 903 899 894 889 883 879 873 870 875 865 862 869 856 852 847 844 839 835 829 826 818 822 814 806 801 797 789 785 773 781 789 769 759 752 744 737 733 725 730 724 716 710 700 708 694 682 678 670 676 668 660 654 648 638 632 639 623 616 609 604 597 592 588 584 580 577 573 568 562 555 550 546 539 532 528 524 521 514 512 506 504 502 505 496 493 497 489 497 484 481 470 468 466 478 464 462 457 464 453 457 453 454 458 453
838 841 844 838 842 839 843 848 852 858 861 869 863 865 878 885 880 886 891 895 898 900 906 913 916 922 932 926 916 925 915 920 910 921 906 901 904 911 904 897 902 890 885 878 874 880 875 868 877 863 857 864 850 846 842 836 831 822 830 818 810 818 801 795 791 781 770 764 756 749 744 736 731 725 719 715 711 706 702 694 687 683 676 671 665 660 653 648 644 636 630 625 619 612 609 602 599 592 589 585 579 576 573 583 572 564 558 552 548 545 537 534 529 525 519 525 513 509 499 495 498 504 485 498 492 497 487 473 478 464 469 475 455 453 455 451 450 451 458 451 452
835 844 840 836 836 837 848 844 849 852 854 857 860 869 872 874 876 880 886 891 896 904 912 908 910 918 922 930 923 930 921 926 921 914 910 904 909 916 908 899 895 892 889 883 879 883 890 878 871 867 862 871 856 862 846 842 837 831 838 826 815 807 817 802 797 789 776 784 760 754 749 745 737 745 731 722 716 711 719 699 692 699 689 680 669 677 665 657 651 643 635 642 625 615 612 609 604 597 592 589 596 582 570 576 568 561 550 547 544 539 533 541 522 519 514 508 503 500 494 492 496 487 479 482 486 482 474 469 463 459 464 458 453 447 450 456 445 454 449 448 457
833 837 844 833 835 843 839 842 846 847 849 854 858 864 870 880 889 884 891 893 898 910 901 903 906 913 916 922 928 934 928 933 924 918 913 908 916 921 913 905 900 905 896 891 885 892 899 883 876 884 870 856 862 850 842 835 831 825 820 815 809 801 809 797 791 797 782 769 777 761 754 750 741 731 724 718 709 718 703 711 696 691 682 673 681 662 658 653 644 636 644 629 636 621 609 605 600 592 599 586 580 574 564 571 558 554 547 543 539 535 530 527 533 523 529 517 510 506 492 487 491 481 474 487 479 477 470 463 458 456 453 462 459 445 448 446 441 446 452 447 450
830 832 837 829 830 831 834 838 841 844 854 859 862 867 872 875 881 888 894 888 894 895 897 908 913 918 923 926 923 926 931 940 929 921 933 915 923 929 916 910 917 911 907 900 888 885 879 874 868 862 858 851 846 842 835 830 825 820 814 807 802 797 793 789 783 778 772 764 760 752 746 739 732 725 717 710 705 699 695 691 687 683 676 669 661 655 650 646 639 632 627 621 616 608 604 597 593 587 583 577 572 567 561 557 551 546 541 538 534 527 537 520 526 517 510 506 501 496 487 481 486 477 472 476 484 472 464 466 470 462 449 455 450 443 456 439 437 439 442 443 455
826 827 826 825 827 835 840 846 855 849 860 855 860 864 869 872 875 882 884 886 889 893 905 899 908 912 915 919 920 932 938 945 938 933 926 921 926 934 921 917 904 901 898 894 890 887 883 879 871 867 863 859 851 846 839 834 828 823 819 813 809 802 798 812 790 784 779 771 764 758 750 744 735 731 722 716 710 705 700 695 691 687 681 674 664 659 667 654 649 642 634 628 635 612 607 602 596 592 586 580 576 571 568 563 554 560 548 534 527 522 516 513 518 510 504 500 494 490 497 477 473 471 467 471 474 467 462 471 459 454 445 450 446 441 450 444 435 444 435 440 445
823 825 825 823 831 840 834 840 841 844 848 851 856 858 864 868 883 877 882 891 883 884 892 896 901 906 908 915 917 922 928 933 945 939 928 924 933 938 932 926 911 907 903 900 907 893 902 887 882 874 880 868 861 854 848 843 837 827 835 820 812 807 815 804 796 790 798 782 775 765 760 755 741 735 727 722 716 710 704 700 706 694 686 679 668 664 673 664 658 650 639 635 621 616 611 607 615 603 591 599 589 583 576 570 560 551 558 541 535 525 522 510 524 518 513 507 489 485 480 486 493 466 463 465 470 461 457 455 465 449 443 441 452 437 443 433 431 433 434 444 450
818 820 829 822 823 828 830 835 839 849 851 853 858 860 868 875 869 871 877 883 878 882 887 891 894 900 905 909 913 917 921 924 928 935 941 930 939 927 922 919 916 912 907 912 899 906 895 903 889 881 866 859 851 845 856 837 831 839 820 815 819 812 804 795 788 797 782 774 768 760 752 748 756 739 734 730 723 717 713 705 698 703 694 687 672 668 660 655 647 642 632 643 626 634 623 615 603 596 602 585 578 571 564 560 553 546 541 535 528 521 516 507 513 505 499 493 486 480 476 471 479 472 461 471 458 455 463 453 447 443 440 437 439 435 448 438 427 429 433 436 438
817 823 820 820 826 832 836 842 849 852 845 859 859 856 859 861 863 866 869 872 875 889 895 901 897 905 910 922 915 919 929 938 932 942 949 936 946 936 930 925 931 919 915 903 895 891 887 879 873 865 860 852 844 838 833 828 824 820 815 811 807 803 797 791 783 776 770 766 761 753 747 743 735 729 723 717 710 706 702 696 692 688 682 674 667 659 652 646 639 635 628 624 620 612 604 600 592 588 584 580 572 564 557 551 545 540 535 530 523 516 510 504 500 495 491 486 479 476 472 468 465 462 458 456 453 451 448 445 441 451 446 432 434 429 435 428 423 427 429 433 435
813 815 817 819 822 828 843 838 844 848 842 847 857 851 853 859 861 872 874 880 888 882 885 890 894 897 900 906 912 916 923 928 939 943 954 942 950 941 934 931 941 923 931 907 914 900 893 886 877 869 864 859 855 848 840 836 828 835 825 817 811 807 802 797 788 778 774 782 767 758 754 748 742 737 729 724 716 710 717 708 700 708 690 677 672 667 659 653 646 638 634 641 627 619 611 605 599 592 600 584 578 573 568 560 552 547 541 535 527 522 516 510 503 510 499 492 486 479 475 471 478 466 471 459 464 456 461 451 439 445 437 429 432 424 430 425 421 422 425 427 431
810 812 822 828 824 836 831 834 840 844 837 841 841 846 849 854 857 862 866 870 875 877 891 897 907 901 905 909 920 924 927 931 934 940 945 955 963 945 938 943 933 929 921 914 919 908 901 893 883 875 883 868 860 852 865 844 832 841 835 827 819 814 810 803 793 786 779 788 773 766 759 752 746 741 736 729 720 714 724 714 706 695 706 681 687 672 662 657 650 645 639 633 629 625 619 612 604 600 607 593 582 588 575 565 560 553 545 539 532 529 523 513 507 516 501 497 490 485 492 478 486 478 461 455 451 449 444 439 437 434 431 423 426 420 422 429 418 420 429 423 424
807 817 826 822 824 822 827 829 834 839 835 845 839 841 845 849 854 857 862 866 869 873 880 887 898 904 912 920 913 918 934 945 938 946 955 949 958 950 946 954 940 934 925 918 925 914 907 899 890 882 892 873 864 872 857 850 837 847 841 835 827 821 815 810 800 793 783 794 777 785 764 771 758 751 745 740 732 725 719 705 699 690 698 685 676 683 669 665 658 651 643 639 632 640 627 615 611 604 594 587 595 577 583 568 564 557 548 543 537 531 526 522 515 509 504 508 500 489 497 488 479 471 465 460 467 455 446 443 435 432 425 420 423 416 419 422 415 418 423 417 422
802 805 814 819 828 819 820 825 831 831 829 832 837 847 850 853 857 855 859 862 876 881 887 897 891 895 903 905 910 914 921 925 930 936 941 945 951 960 950 959 947 937 933 925 933 917 912 906 893 889 884 878 870 876 865 858 845 855 847 837 833 825 831 819 808 801 787 779 786 770 779 760 752 745 739 733 726 717 711 700 693 684 678 692 671 663 658 649 644 659 651 635 628 623 615 607 601 596 588 579 585 573 568 561 556 547 557 551 544 527 520 516 509 503 511 499 493 499 488 481 474 467 462 456 450 442 451 438 432 426 421 416 419 414 415 419 412 423 413 415 415
800 803 808 811 820 814 818 833 827 836 823 826 829 837 841 847 852 848 851 858 863 870 873 880 887 891 896 902 917 905 910 916 921 926 933 937 947 954 961 965 955 944 936 932 942 928 920 909 905 898 891 881 876 890 871 862 853 842 837 831 825 816 809 802 793 788 782 774 768 762 755 747 742 736 730 724 717 708 702 693 687 680 673 666 661 654 650 643 639 647 633 626 619 613 609 601 597 587 582 575 570 565 576 557 551 542 546 538 532 539 517 507 504 499 495 489 486 482 476 470 465 460 456 452 445 439 434 431 426 420 426 412 414 409 413 416 410 408 411 422 413
795 797 801 806 808 812 813 821 825 831 821 824 826 831 835 837 842 844 856 861 866 873 877 884 892 897 903 909 898 901 904 909 914 918 926 933 939 944 952 958 965 954 949 941 934 942 928 915 921 910 902 896 889 882 876 865 860 849 842 837 831 826 815 807 801 793 787 779 774 783 770 763 756 747 734 728 722 715 722 708 700 691 684 674 681 667 659 638 631 627 622 616 612 608 604 595 589 582 577 566 578 561 557 549 544 538 553 533 527 521 511 517 501 496 490 485 480 477 471 464 459 454 449 445 440 434 429 423 420 418 416 410 419 407 417 412 408 403 409 417 411
794 802 805 800 803 806 811 816 819 823 818 822 831 825 829 832 838 841 848 852 862 867 871 874 882 888 894 897 892 898 901 916 919 923 934 940 953 960 947 952 957 946 939 930 926 919 913 908 901 896 891 885 879 874 866 861 850 839 849 832 826 817 808 800 793 788 779 773 781 766 759 753 745 738 729 723 714 704 711 700 692 682 675 668 658 653 645 652 639 623 615 610 605 615 598 591 583 578 571 562 568 556 549 544 537 532 540 527 520 515 507 502 497 491 484 481 477 473 466 471 462 469 458 451 445 441 437 432 425 416 412 408 412 404 411 407 403 398 404 407 409
788 794 801 795 798 803 816 810 812 814 815 828 816 820 825 828 845 851 856 863 856 862 865 871 877 883 887 892 886 891 896 907 915 917 921 931 945 936 942 959 948 940 933 925 917 913 906 902 896 890 883 877 871 865 860 852 843 834 826 821 816 807 800 792 787 781 774 767 761 756 748 743 737 731 722 714 708 699 694 688 683 674 669 660 652 647 639 633 627 618 610 604 598 593 588 580 575 570 563 557 553 549 545 538 532 528 524 519 513 505 500 495 488 484 480 474 471 466 463 460 456 451 447 440 435 430 426 422 417 413 405 402 406 400 405 401 397 395 399 401 404
782 784 788 792 794 800 806 808 817 809 813 817 813 825 832 840 833 840 842 846 850 856 858 863 868 876 881 888 883 897 908 900 907 913 933 925 937 928 934 943 952 946 938 931 927 919 914 908 916 901 894 885 880 872 866 861 850 841 831 839 826 820 813 805 797 791 782 775 767 760 755 749 742 736 728 721 730 716 707 698 690 683 675 669 660 655 648 642 636 628 620 613 607 595 591 587 583 575 567 561 569 557 549 544 538 545 531 537 520 509 505 499 494 487 493 483 476 471 478 464 460 466 456 450 444 437 432 419 412 407 401 398 412 394 398 404 394 390 392 398 401
778 780 785 787 789 791 800 804 811 805 807 809 811 815 818 821 827 834 839 842 845 851 854 860 865 869 873 876 880 885 889 894 901 909 917 921 929 921 928 936 945 937 945 935 930 925 916 912 921 915 907 898 889 883 874 869 857 848 837 844 834 827 821 814 807 799 793 784 777 768 777 761 753 744 737 729 741 722 714 705 697 688 681 676 669 664 659 650 644 636 629 620 612 604 596 592 587 582 571 566 578 570 557 552 543 537 545 525 514 521 512 505 500 492 482 478 471 464 459 456 452 447 441 437 431 444 421 415 409 403 408 396 400 391 404 396 390 384 388 390 399
773 777 779 782 795 787 794 795 798 802 805 815 819 827 822 827 834 841 847 858 848 857 861 866 880 873 876 880 884 889 895 903 907 921 927 932 917 913 918 923 927 933 939 949 939 931 923 917 926 935 921 914 894 888 880 875 862 853 843 849 860 841 832 823 814 806 801 790 782 775 785 771 763 755 748 741 733 727 721 712 704 699 691 683 677 671 664 673 660 645 638 626 620 612 620 599 594 589 583 571 586 562 567 547 537 529 525 518 510 504 499 495 488 482 477 471 467 461 455 451 445 437 434 431 427 424 429 418 414 401 397 391 395 387 392 388 383 379 385 387 394
770 773 776 780 787 781 789 793 803 797 802 804 812 813 827 830 839 847 848 852 856 860 863 867 870 876 880 887 895 902 908 913 919 914 918 924 913 905 911 916 919 927 935 941 947 934 929 924 933 919 910 905 900 895 889 882 870 862 848 856 851 846 837 832 824 816 810 797 791 782 790 779 769 760 755 748 738 747 733 724 716 708 700 693 685 676 671 657 651 660 643 636 625 620 604 610 590 584 575 582 564 558 551 540 546 536 521 533 526 513 506 514 499 491 485 464 457 454 449 445 438 433 429 426 422 419 415 410 404 398 393 388 385 382 389 392 388 375 380 385 390
767 769 771 773 775 778 784 786 789 795 797 802 806 810 817 824 831 838 845 849 864 857 860 864 877 890 883 891 911 897 892 898 902 910 913 931 906 900 905 910 914 920 923 930 938 946 935 948 939 928 916 925 910 903 894 886 880 871 859 851 844 836 830 825 819 811 818 804 797 791 778 770 758 753 743 737 731 724 716 706 701 691 683 675 668 684 660 651 642 651 634 627 618 608 599 592 585 576 571 567 559 554 543 536 531 523 515 511 518 504 498 490 484 476 471 460 453 450 443 439 435 447 440 433 428 424 421 414 411 406 397 394 382 378 383 387 378 373 371 374 380
765 767 784 778 784 780 796 790 796 800 803 807 812 816 822 828 836 841 851 846 851 854 866 873 884 879 886 896 903 892 884 892 895 904 908 917 913 896 901 918 924 928 919 925 932 938 943 929 923 916 909 904 896 890 883 878 870 862 853 845 838 830 824 817 810 805 798 792 785 777 769 762 753 746 738 732 725 717 709 700 694 685 676 668 661 655 649 644 637 629 621 614 609 600 592 583 578 570 565 558 551 546 539 531 523 515 509 503 499 493 487 481 474 469 464 456 448 444 439 434 431 428 433 425 435 419 414 409 403 399 393 400 388 375 373 377 370 379 369 372 375
760 764 774 784 779 785 788 794 799 792 796 801 805 813 818 823 825 836 839 841 857 866 860 863 867 874 882 889 896 887 879 886 891 896 903 910 900 890 895 902 910 921 914 934 941 950 958 937 931 926 919 914 905 898 892 885 876 870 862 854 846 837 832 827 819 814 807 802 793 785 777 765 760 753 746 739 729 723 718 706 701 689 684 673 665 659 654 647 642 636 630 622 617 609 602 596 587 579 571 565 558 551 544 535 529 518 514 509 505 497 493 486 482 492 475 469 461 453 448 443 437 425 421 418 414 410 406 401 410 393 388 383 376 382 368 372 365 371 363 370 381
757 759 768 772 775 779 794 783 791 786 792 796 814 807 814 817 821 829 834 838 845 853 856 870 876 881 876 881 891 877 873 882 886 892 896 904 893 886 890 895 899 904 909 916 925 933 938 945 940 918 913 923 918 911 902 894 885 893 877 867 860 848 842 835 827 819 828 810 799 791 784 776 767 761 756 749 741 732 726 713 707 696 705 681 673 665 673 657 652 644 636 643 629 620 614 605 596 589 580 572 565 558 549 543 537 529 522 517 512 507 514 500 492 484 480 475 468 462 453 458 448 429 435 415 408 404 400 397 394 389 382 379 374 369 366 363 360 366 361 364 372
755 757 763 766 768 770 772 777 779 783 788 792 799 804 810 813 831 824 831 834 840 848 853 856 864 878 869 876 884 872 868 876 882 888 902 892 886 882 897 904 911 916 929 923 931 937 931 940 924 913 904 915 907 901 894 885 892 877 870 860 852 860 850 843 834 827 817 826 805 797 791 782 773 782 767 760 752 742 737 731 716 701 691 686 678 671 660 651 642 637 629 623 614 609 601 593 586 577 571 565 560 551 542 538 530 524 516 509 505 500 494 489 484 480 473 466 461 456 448 444 441 436 424 420 417 411 404 411 399 392 389 376 383 367 362 358 354 355 358 361 367
749 755 759 762 774 768 775 781 776 780 784 787 794 800 803 809 815 820 824 828 835 843 847 850 859 871 863 870 879 887 863 870 876 882 891 897 893 878 885 890 899 907 919 930 935 930 924 932 918 908 898 904 899 893 886 876 883 871 861 853 844 853 836 829 822 816 809 801 795 789 779 788 781 770 758 751 745 736 728 722 730 710 701 692 686 676 668 657 648 657 640 629 623 614 608 598 590 582 575 570 581 564 555 546 535 528 520 528 520 513 505 493 501 490 477 471 465 460 455 450 457 442 429 425 421 416 407 400 393 386 378 372 367 360 355 353 350 353 371 365 369
745 750 751 756 759 763 769 772 774 787 790 796 802 806 800 805 821 827 830 823 830 836 842 846 853 863 855 860 873 864 858 865 871 878 884 891 880 871 875 880 888 895 910 919 930 924 915 923 909 902 893 913 892 884 879 868 878 863 854 847 839 832 824 818 831 809 802 795 788 781 770 778 770 761 752 744 736 729 722 715 707 701 693 684 675 668 655 665 657 644 631 640 616 607 600 593 585 576 566 559 572 552 546 554 541 531 527 515 509 504 497 503 493 483 490 467 459 471 461 455 445 435 442 420 417 412 402 395 386 380 385 382 375 363 369 359 348 359 362 356 362
743 746 748 752 756 760 763 767 772 775 780 785 791 795 797 800 810 815 827 820 823 826 833 840 846 855 849 853 866 860 853 858 863 871 879 886 872 864 870 875 882 890 901 907 920 913 906 913 901 893 887 899 887 877 872 863 872 855 846 840 833 825 817 810 804 817 796 788 779 773 763 772 754 770 746 737 728 720 713 705 699 691 682 675 665 659 649 657 643 635 626 621 611 602 595 584 575 570 578 554 563 545 540 549 532 524 516 511 519 511 492 499 485 477 470 459 455 463 449 442 438 432 425 417 412 405 393 389 382 377 392 374 369 360 353 349 344 354 358 353 357
738 740 754 758 764 768 773 759 765 772 777 791 781 788 794 797 803 822 812 817 827 833 838 848 857 850 843 849 858 851 846 854 870 858 865 872 865 859 864 869 875 884 893 899 909 920 901 908 895 888 882 892 879 870 864 856 849 843 836 830 824 816 810 804 798 792 785 778 770 764 757 751 745 738 731 725 719 711 704 697 688 682 675 666 658 651 642 636 631 624 618 612 603 594 586 577 569 563 558 549 542 537 532 527 522 516 512 506 502 497 486 479 475 469 462 470 450 446 437 449 431 424 418 411 406 398 388 383 378 374 379 369 363 354 360 344 341 348 352 349 354
734 738 742 750 755 755 761 753 757 760 767 771 776 779 785 791 798 808 809 827 821 826 832 836 840 844 838 845 852 847 842 838 846 854 861 865 861 855 871 877 882 891 900 911 900 912 894 901 890 883 877 885 889 875 869 878 862 852 845 837 831 822 830 817 809 803 795 786 780 773 766 775 759 750 743 735 727 718 712 704 694 703 690 672 665 674 651 642 636 644 630 622 614 606 596 585 580 571 562 556 565 550 541 535 543 528 521 514 498 489 479 473 465 461 455 451 444 438 430 426 419 413 409 405 400 392 384 379 375 367 374 364 357 351 347 342 337 344 345 343 346
731 744 751 745 750 753 749 750 754 770 781 774 782 792 797 786 794 802 806 812 818 822 828 844 852 839 831 836 842 852 837 832 836 839 849 856 866 850 859 866 872 880 887 902 892 903 885 894 882 876 868 874 884 892 876 864 856 864 856 843 837 828 837 827 819 811 800 793 799 785 775 782 770 758 751 745 736 730 721 712 704 692 681 690 674 658 666 648 642 627 621 612 603 597 587 596 575 564 577 561 553 544 535 526 520 514 505 498 491 483 473 482 471 479 463 447 440 432 426 422 415 408 404 399 393 386 379 375 368 363 367 359 352 348 343 336 333 338 342 337 339
725 732 736 740 743 750 745 748 760 763 770 780 792 786 790 782 787 795 798 804 811 816 824 832 841 833 827 843 850 840 828 824 830 835 841 845 852 844 853 858 863 869 877 893 884 894 877 880 875 868 859 866 876 884 867 858 850 843 848 859 843 834 843 833 824 817 807 801 788 779 788 767 761 752 745 735 729 719 713 704 695 686 675 668 659 652 645 637 631 622 614 605 598 588 581 575 569 559 568 550 543 537 525 519 512 503 493 485 479 475 467 475 467 459 449 442 433 428 421 416 411 404 395 392 385 377 373 370 364 360 356 366 347 343 346 341 331 328 332 334 344
723 727 729 732 736 738 740 755 766 756 763 769 775 781 785 779 783 789 792 797 804 808 812 819 827 841 820 830 839 832 824 816 822 831 848 854 847 837 848 867 876 857 861 869 876 885 869 887 869 856 850 856 867 874 860 852 843 834 842 852 863 840 828 821 814 805 798 790 782 773 766 760 753 746 737 729 720 711 702 695 686 678 669 661 652 646 637 628 621 614 605 596 591 583 574 568 563 554 547 539 534 528 519 510 503 496 488 480 472 468 463 459 455 451 444 436 429 423 415 408 403 399 392 387 380 374 370 364 361 356 353 349 343 339 353 332 327 323 337 338 334
720 723 735 725 727 734 738 744 749 751 757 762 768 774 780 776 778 783 787 790 797 801 806 812 820 825 815 822 830 819 813 809 818 826 834 850 839 832 839 851 860 849 856 860 870 877 864 873 860 848 843 849 859 867 854 846 835 827 833 844 854 847 839 830 821 813 807 794 788 781 788 772 764 757 751 745 736 727 718 705 699 689 681 674 666 657 641 635 629 622 610 603 612 595 588 579 570 562 557 549 544 536 528 517 511 501 493 486 480 488 472 465 473 461 455 448 433 428 424 416 422 407 399 392 384 378 384 374 358 352 346 341 338 335 331 327 324 319 327 336 328
714 716 718 720 724 729 735 739 742 748 752 757 761 767 769 772 775 790 797 792 802 808 813 819 825 814 808 817 837 826 819 805 810 820 827 843 833 826 834 843 851 840 850 855 862 870 855 862 851 839 834 842 850 858 844 838 828 818 824 837 848 836 829 820 811 823 814 805 797 789 776 765 755 749 740 733 723 717 710 699 693 683 674 665 658 650 659 646 639 631 618 610 594 586 580 573 563 557 550 540 529 523 514 508 500 495 487 481 475 471 461 473 461 453 448 440 446 436 428 423 412 398 394 387 378 385 374 368 362 372 355 348 344 340 347 336 329 315 321 330 324
711 714 724 734 728 731 738 745 752 756 746 751 753 761 765 768 783 776 782 789 795 800 804 827 812 806 802 809 821 813 807 800 820 814 823 835 825 819 824 834 840 832 841 850 854 864 849 856 842 834 825 833 841 848 837 829 819 811 817 829 840 829 820 814 805 815 800 791 783 775 767 757 749 742 733 724 716 708 701 692 684 674 665 658 652 644 638 630 624 615 604 595 586 579 573 565 558 548 541 532 539 529 521 514 505 512 500 491 484 465 453 462 451 445 438 432 441 431 421 416 404 394 387 380 371 368 364 359 354 365 359 353 341 336 331 324 319 313 310 316 322
708 711 715 719 724 728 733 736 741 748 741 746 749 756 760 765 769 772 776 779 783 791 798 806 816 801 797 804 811 822 814 795 805 809 818 826 818 810 818 827 835 827 832 841 849 856 844 837 831 825 816 824 832 840 827 820 812 802 810 820 831 822 814 807 797 806 789 780 773 764 758 749 740 733 724 718 708 699 690 684 675 665 657 651 645 638 630 620 614 606 597 588 579 573 567 560 551 542 535 524 533 518 513 504 496 491 481 476 469 457 447 454 442 434 429 424 434 424 416 409 398 390 378 374 367 361 358 354 347 358 351 344 336 330 338 330 315 321 306 308 314
703 706 721 711 717 722 725 743 746 742 736 752 757 760 753 756 766 768 782 788 794 801 808 800 809 797 791 796 800 804 800 791 797 802 811 819 808 803 811 818 829 822 841 852 843 850 836 829 821 814 807 816 825 831 819 812 804 793 803 812 821 812 804 798 791 785 777 771 762 753 745 738 731 722 715 709 701 692 683 676 668 658 649 640 634 627 621 611 604 596 588 580 572 565 557 551 542 533 527 519 526 512 505 495 489 483 474 469 460 451 443 438 432 428 423 418 426 416 406 401 388 382 394 386 370 376 365 360 344 351 345 339 329 325 331 319 311 308 304 314 302
698 704 711 705 707 713 720 730 737 749 732 740 747 755 749 766 759 765 771 774 779 784 791 796 803 788 784 788 796 810 794 786 793 814 805 811 803 798 805 813 822 817 825 833 838 843 852 823 813 806 799 808 817 840 810 802 796 787 796 803 814 805 797 790 783 775 766 759 752 743 736 729 720 713 706 697 690 683 677 668 659 650 642 634 628 619 612 604 595 587 581 572 564 558 549 542 534 527 520 513 508 502 496 489 480 472 467 458 449 443 438 430 426 421 416 412 421 408 402 394 384 377 373 379 367 360 354 348 341 344 339 333 326 320 317 312 306 301 298 305 299
692 698 698 701 712 720 715 724 730 734 729 735 740 750 744 749 754 756 763 769 786 792 781 789 794 802 776 797 789 799 788 780 784 789 796 803 798 791 799 805 816 808 817 822 827 836 827 816 825 798 791 797 810 823 802 794 788 780 789 795 804 812 806 798 789 782 791 769 760 751 743 752 736 727 714 723 705 697 684 674 665 659 650 643 634 628 620 612 601 595 604 581 590 565 557 548 541 534 527 535 522 514 506 498 484 478 473 467 456 450 458 444 436 430 423 408 415 401 395 388 396 373 366 374 357 351 347 341 337 351 330 323 318 330 324 318 309 305 294 296 293
688 694 696 699 703 706 712 719 726 730 722 725 730 733 738 744 748 752 757 765 773 780 774 783 790 780 771 780 785 792 783 774 778 797 806 797 792 786 793 815 806 801 805 831 838 829 820 810 804 791 783 790 801 815 809 803 781 774 781 786 793 800 816 807 799 791 776 784 768 758 750 737 726 719 727 705 696 688 695 683 676 669 660 652 644 637 628 618 609 603 586 595 572 579 568 559 551 543 536 519 509 523 501 491 500 487 468 460 451 458 442 434 427 418 410 402 396 406 391 384 376 367 362 358 353 346 340 347 334 331 321 330 315 323 316 310 304 297 288 292 289
685 688 692 697 697 704 707 712 722 724 717 722 736 737 742 750 757 764 760 769 783 775 770 775 782 773 765 773 779 783 775 768 774 781 789 810 801 781 785 797 814 792 800 813 828 817 811 801 795 783 777 784 794 805 797 786 795 767 773 780 786 794 800 793 785 778 769 760 752 743 735 728 719 712 703 695 687 679 688 671 663 655 646 637 627 619 613 604 594 588 580 572 566 560 551 544 537 527 522 510 504 512 495 485 479 473 463 455 446 441 429 425 420 408 402 395 388 396 383 375 371 362 370 354 345 342 334 341 330 325 318 314 308 315 310 303 297 291 282 285 286
679 683 688 693 695 698 701 722 715 720 713 718 727 734 738 744 752 758 753 757 765 782 765 770 775 766 758 766 773 777 769 761 783 792 784 793 783 776 780 789 801 787 793 804 821 812 804 795 786 777 768 776 785 797 788 779 773 759 781 788 797 778 792 782 774 765 755 748 741 734 727 720 712 703 696 687 680 672 664 657 649 641 634 628 620 612 606 595 588 580 571 563 556 550 542 534 528 521 514 505 495 504 486 479 471 464 456 448 441 432 440 421 413 421 395 389 384 380 376 369 363 357 351 346 340 335 330 327 321 316 311 308 305 311 303 295 289 284 276 281 283
675 679 684 689 700 691 713 706 710 715 706 727 720 728 732 739 745 753 747 752 759 769 761 764 770 758 754 759 766 772 760 755 765 773 778 786 773 767 775 783 793 782 807 798 809 802 794 784 777 770 762 769 777 787 780 771 764 752 765 776 782 770 783 775 766 756 747 738 731 724 717 709 702 695 687 678 671 664 655 647 640 633 626 618 609 603 597 589 580 572 565 557 548 540 531 525 518 509 502 496 489 481 474 466 461 454 447 439 431 426 419 412 406 401 408 393 398 386 381 377 371 363 355 362 350 345 339 332 327 319 315 322 302 299 296 291 283 278 274 277 279
673 684 674 681 683 687 694 699 702 707 701 712 716 721 727 732 735 738 741 761 754 763 753 760 776 765 748 752 757 763 756 750 759 766 784 773 764 758 766 776 785 773 784 790 803 794 785 774 767 760 754 763 768 776 770 763 755 746 758 767 775 761 776 768 757 748 735 726 740 731 723 716 725 709 693 685 695 677 669 660 651 644 637 627 621 610 603 595 589 583 574 568 559 550 543 534 526 514 520 507 516 498 489 480 472 461 451 444 439 434 427 408 401 396 400 407 389 380 376 369 365 358 365 350 341 334 330 324 319 311 307 299 312 305 291 286 279 285 268 273 277
670 674 670 675 680 694 697 690 696 702 696 705 710 712 718 724 728 731 738 745 750 757 749 752 760 751 740 746 753 759 749 742 752 761 768 759 772 753 761 767 780 767 775 781 793 784 776 768 759 751 745 752 762 770 758 752 743 737 750 755 764 752 768 759 749 741 727 719 727 740 733 725 708 701 684 677 686 668 660 653 644 636 629 620 612 604 596 587 578 571 563 554 547 539 531 524 517 524 509 500 492 484 475 469 463 455 446 438 427 419 414 421 408 392 406 388 381 374 370 365 358 354 347 343 336 327 323 318 314 306 300 296 301 294 288 281 276 272 266 278 268
666 680 667 672 677 684 694 687 689 696 691 700 703 708 714 718 725 740 733 740 745 751 744 748 753 745 736 740 746 753 761 738 745 754 777 754 759 748 756 782 773 761 770 790 802 774 767 759 752 744 736 746 754 759 752 745 736 730 741 748 757 745 760 750 740 732 720 710 720 730 716 708 700 692 701 668 677 659 651 642 634 625 616 608 601 592 585 578 570 563 555 548 539 532 522 516 510 503 496 491 483 477 470 463 455 448 438 432 422 413 408 403 395 387 395 382 376 368 364 356 352 345 355 337 330 321 315 324 309 302 310 293 290 287 284 277 270 265 260 263 266
663 670 663 669 673 678 680 683 686 703 687 693 696 705 709 713 732 718 729 733 738 744 737 756 741 737 729 735 742 745 741 734 739 745 760 745 750 741 747 758 764 755 764 773 782 763 756 747 741 734 728 737 746 752 745 737 730 723 734 740 745 738 753 742 732 723 711 703 713 722 709 700 690 683 675 661 653 644 635 627 619 611 603 596 589 583 575 569 562 555 546 539 532 524 515 509 501 494 488 479 472 467 462 453 447 439 430 424 416 408 402 394 389 382 378 371 367 363 371 363 348 338 331 327 322 316 312 308 304 297 303 290 297 284 277 270 264 260 256 260 264
658 666 661 664 668 672 677 680 682 690 684 689 692 699 701 706 710 715 722 727 731 740 730 738 747 731 725 741 750 756 734 727 748 760 752 740 759 735 742 752 758 747 757 782 764 756 749 741 735 728 720 728 734 743 754 730 724 716 725 732 738 731 744 735 723 715 703 694 705 713 700 693 682 674 666 674 663 654 647 638 629 621 612 603 612 592 585 577 569 562 555 547 538 530 522 516 508 501 494 487 481 473 481 468 457 450 444 432 419 414 422 401 396 391 385 378 373 358 366 352 340 351 343 335 328 313 306 301 295 290 293 287 280 276 270 265 261 257 251 256 259
656 657 655 657 662 668 672 675 678 682 677 681 686 692 698 713 701 708 716 719 723 734 725 746 734 727 720 729 735 739 728 723 731 740 745 735 742 729 735 743 748 740 749 754 772 763 757 735 727 719 713 722 741 752 737 723 713 707 717 724 731 722 736 728 716 708 692 685 696 705 693 686 675 667 657 666 673 661 654 644 637 628 620 611 599 606 598 590 579 571 565 557 550 541 532 523 517 511 503 491 486 480 470 461 449 443 436 427 433 421 407 414 392 385 378 370 361 353 348 344 335 341 328 324 318 308 300 297 289 286 290 281 291 284 279 272 254 249 246 251 256
650 662 651 654 656 663 678 684 688 678 672 678 681 686 693 700 695 699 711 714 718 729 720 728 741 721 714 724 728 733 741 719 726 731 737 726 731 724 743 751 743 731 738 747 760 751 741 729 721 711 705 716 728 738 728 717 705 699 708 717 724 715 726 719 708 699 683 676 687 692 685 677 668 659 648 657 665 649 642 634 626 616 607 600 591 599 587 581 573 564 558 550 542 533 524 516 508 501 492 484 479 470 462 454 440 434 428 419 414 407 401 394 386 380 373 365 372 359 354 338 330 334 342 318 312 303 297 292 286 279 286 275 281 271 264 258 262 254 244 241 245
648 652 645 650 654 657 666 672 680 674 668 671 675 682 689 695 690 693 704 709 714 722 715 721 725 716 709 716 724 729 720 713 718 724 730 717 724 719 731 746 734 724 732 738 752 743 734 722 713 705 698 710 719 730 721 709 699 691 701 708 715 706 718 710 700 690 676 667 678 685 676 667 658 650 641 666 647 640 633 625 617 608 600 592 582 592 579 571 563 555 548 538 527 521 514 508 500 490 481 476 467 459 452 445 434 428 418 412 407 399 392 383 378 372 367 359 354 349 342 350 324 330 320 312 306 297 292 288 282 276 273 270 277 284 270 255 249 245 240 237 240
643 644 641 644 647 652 659 666 675 666 661 666 671 676 679 690 684 690 697 702 710 716 707 711 714 710 705 711 717 721 713 706 727 733 719 712 719 712 724 737 728 719 724 729 736 751 727 715 706 698 690 701 707 722 712 702 693 682 693 700 705 698 710 702 692 681 667 660 670 677 668 659 649 640 633 649 640 633 624 617 608 600 592 583 574 583 571 562 554 548 539 530 521 514 506 500 492 483 475 468 459 451 445 436 428 419 411 405 399 394 387 379 373 366 360 351 346 342 334 330 319 315 310 306 299 293 289 278 275 282 268 264 267 274 260 251 257 239 236 231 234
640 642 637 650 642 649 654 660 668 662 658 663 678 668 676 683 677 681 689 693 699 708 699 703 721 704 698 706 711 716 709 701 709 725 714 705 712 706 715 727 721 710 718 738 745 727 718 709 698 691 683 692 700 713 703 694 686 675 684 693 714 691 702 694 683 673 682 652 661 666 659 650 641 633 624 640 629 622 614 605 598 590 582 574 566 575 561 552 544 535 527 520 514 505 496 490 482 475 466 456 448 441 433 427 422 408 402 414 393 386 378 368 363 357 352 344 353 337 328 324 314 307 303 297 289 299 282 275 269 275 264 257 260 267 253 248 243 250 241 228 232
638 646 635 641 637 642 645 652 663 656 653 656 661 664 670 677 672 675 683 688 695 702 695 715 707 700 693 698 701 711 704 697 703 717 708 700 705 697 706 720 713 705 711 722 730 718 707 700 692 685 674 680 690 706 697 688 678 667 677 686 696 682 694 685 676 666 658 643 654 674 651 642 632 625 615 631 622 613 606 598 591 582 574 567 560 554 548 540 532 525 516 509 502 494 486 479 472 466 458 451 442 432 426 419 414 423 394 405 386 380 372 361 356 351 343 338 333 329 323 317 308 301 292 287 281 287 277 266 263 269 257 252 257 254 249 241 238 245 232 226 229
634 632 629 631 633 647 650 657 668 653 648 653 657 661 666 670 666 670 691 696 701 696 691 706 698 692 688 692 697 706 699 693 712 725 702 692 700 692 700 711 704 697 706 715 724 709 700 693 686 676 667 674 682 697 688 679 669 661 670 677 687 675 687 678 668 658 649 634 645 660 643 634 625 617 608 619 612 605 596 589 582 575 567 559 551 543 537 529 523 517 510 503 494 488 480 471 464 454 447 439 433 425 416 427 408 400 388 397 381 374 365 355 364 358 349 334 342 321 316 310 300 294 288 281 273 279 271 262 259 252 248 245 253 248 243 237 234 231 226 224 235
631 627 625 627 631 637 641 648 654 660 645 659 666 670 676 667 662 667 675 684 692 702 686 695 701 697 684 700 708 700 694 687 696 703 694 687 695 686 693 702 696 688 699 703 712 702 693 685 679 670 661 683 695 687 679 671 660 653 658 664 678 668 677 669 659 651 640 627 636 651 630 623 615 608 600 612 604 596 589 580 572 564 555 547 541 533 526 520 513 507 501 493 485 477 470 463 456 448 441 433 425 418 410 404 398 392 382 375 370 361 356 349 357 343 338 330 326 316 311 304 292 287 280 270 265 270 264 257 248 255 245 238 248 243 246 243 250 236 223 220 218
636 632 623 633 636 642 648 651 661 650 642 648 652 657 668 660 656 664 668 677 684 691 678 689 696 687 678 685 692 708 685 679 690 711 683 678 689 680 685 697 687 679 693 697 704 693 684 675 666 659 653 667 674 681 671 664 653 645 652 658 671 661 668 660 652 644 631 620 628 642 649 635 626 617 593 605 596 588 579 570 585 574 566 557 549 540 532 539 523 517 509 500 493 487 481 473 465 453 462 445 436 428 420 412 391 383 393 384 378 369 349 344 338 334 324 338 318 310 304 297 288 280 272 266 262 259 271 251 244 250 238 233 242 237 240 236 229 226 230 224 216
631 625 619 623 630 636 641 644 649 643 636 639 648 653 663 656 653 657 664 671 676 683 672 681 691 679 672 679 687 693 681 674 684 697 677 671 680 672 679 690 682 673 684 692 713 701 690 682 676 668 647 659 666 673 665 658 643 636 643 651 663 652 661 652 643 636 622 611 621 634 626 619 610 599 585 597 587 579 572 563 576 566 557 550 542 530 543 526 516 507 498 491 484 477 469 460 452 443 437 427 418 411 403 398 382 377 386 373 365 355 364 352 345 326 320 313 307 302 297 289 296 284 278 272 266 256 253 245 240 235 244 229 234 231 235 231 225 219 220 217 213
626 620 614 619 624 629 633 638 642 635 632 636 641 647 656 651 647 652 658 666 682 672 668 675 684 673 667 670 679 687 675 668 676 690 671 662 674 663 672 679 673 666 678 687 694 685 679 670 661 655 641 650 655 664 657 649 657 629 637 644 654 644 653 645 636 627 615 604 613 620 635 610 602 590 578 589 580 571 562 555 567 558 551 540 534 524 534 517 508 498 491 481 472 465 459 453 442 435 429 420 412 403 398 389 376 369 378 367 359 350 345 338 331 319 314 307 300 293 286 282 278 274 286 266 258 252 246 241 235 231 226 223 230 224 229 224 217 214 217 213 211
619 614 609 614 630 635 642 645 635 632 627 631 635 641 648 658 644 647 653 660 668 680 660 668 676 669 660 666 671 682 667 661 669 682 662 655 666 655 663 669 681 661 670 678 682 675 670 664 655 647 634 641 649 657 650 643 635 622 646 654 646 637 645 634 627 619 607 597 604 612 621 603 594 583 571 578 570 562 553 546 558 551 544 534 527 518 527 509 501 492 484 475 466 457 450 444 431 426 415 407 421 398 390 381 371 361 373 354 347 342 334 330 323 329 320 316 309 301 290 298 274 269 263 255 249 246 241 247 242 236 223 219 225 218 223 218 225 211 214 220 208
611 619 606 624 618 623 629 634 643 638 621 627 631 637 644 647 640 643 646 653 657 662 652 662 672 663 652 655 665 675 661 653 664 673 657 650 657 646 653 663 657 652 657 664 677 669 662 654 645 638 625 631 638 645 657 635 627 616 629 647 638 629 635 626 619 610 598 589 597 621 605 596 585 575 564 571 563 552 545 537 550 541 535 523 516 509 501 495 485 479 471 465 459 451 443 435 426 417 410 398 390 385 379 374 365 356 364 348 341 334 327 320 315 322 312 306 298 293 301 284 292 276 267 259 265 253 238 235 231 227 218 214 220 213 219 215 232 208 220 208 202
605 610 603 609 612 614 620 623 633 626 617 622 625 628 633 639 633 636 653 639 648 651 647 654 664 656 645 651 658 667 655 649 657 666 650 642 649 637 642 651 665 643 651 658 666 657 651 643 638 629 617 624 647 656 641 627 621 610 622 635 627 620 629 620 612 602 591 582 588 602 595 587 577 566 556 563 554 545 538 529 540 534 526 514 505 496 515 488 479 470 461 455 446 437 429 421 413 407 401 393 385 378 373 365 359 350 344 338 333 326 321 316 311 307 301 296 292 288 284 276 270 261 275 253 247 241 235 230 227 221 228 211 213 210 213 209 218 206 211 204 199
600 604 600 605 608 611 615 619 625 619 614 628 631 636 640 630 626 629 633 636 642 647 641 647 653 649 641 647 652 662 651 643 665 644 640 633 643 628 634 637 643 634 640 649 660 650 644 636 628 621 609 618 629 641 633 619 612 604 613 622 635 611 623 612 604 594 583 575 581 594 585 578 568 559 548 555 545 536 529 523 533 526 517 507 499 490 507 499 490 481 470 464 452 444 436 428 437 420 407 401 388 383 378 372 381 361 353 347 356 337 330 326 320 312 308 316 288 282 277 269 264 257 250 242 238 234 248 241 234 218 214 208 219 207 220 205 212 203 208 214 197
597 601 595 598 606 607 622 628 618 615 609 616 621 628 635 625 621 625 629 642 648 642 635 641 647 642 633 643 646 655 644 639 649 640 634 626 635 621 627 632 637 625 633 642 654 645 638 629 620 612 603 610 621 632 625 613 604 596 604 610 616 605 616 602 596 587 577 566 572 582 576 569 558 550 539 545 552 545 538 515 524 515 508 499 490 481 493 486 480 474 483 472 459 452 441 433 421 411 401 394 407 388 397 379 365 371 362 355 342 330 323 328 324 317 313 302 298 290 284 277 269 264 258 247 244 231 228 223 220 211 208 205 211 204 207 201 207 200 214 198 192
593 596 592 596 600 605 611 619 614 611 606 612 618 624 628 621 615 620 637 630 635 648 628 636 639 635 627 637 642 647 652 635 642 636 625 619 630 614 622 639 628 616 628 637 642 635 626 621 612 603 594 600 615 622 616 604 597 590 596 602 610 597 609 594 587 578 569 560 584 575 567 561 550 542 533 554 539 532 520 507 514 506 500 489 483 473 481 493 472 466 460 454 446 439 430 422 412 405 396 389 398 380 372 365 359 354 349 342 334 322 316 324 317 308 304 297 287 281 275 270 262 255 250 244 235 227 224 218 214 220 215 198 204 197 200 194 195 197 203 194 190
591 602 586 588 593 597 601 605 609 605 600 603 606 614 619 613 608 616 622 626 630 637 624 631 633 629 623 630 649 657 639 630 636 630 619 613 624 607 613 626 619 611 619 623 635 627 621 612 603 593 588 594 607 615 609 598 590 582 588 609 596 589 600 588 579 572 562 554 566 583 560 553 542 536 525 539 531 523 512 501 508 498 491 483 476 467 490 473 464 455 449 440 433 426 419 413 407 400 391 383 378 373 365 358 353 347 342 335 325 315 308 313 309 304 300 289 280 276 268 261 257 251 243 239 229 235 227 224 211 207 201 193 199 191 195 188 193 203 193 189 186
585 587 584 594 597 603 606 614 600 597 594 600 613 608 613 610 604 610 617 623 627 620 616 625 629 621 616 626 635 638 631 622 631 623 615 608 617 598 605 619 612 603 610 618 629 621 613 604 595 586 580 585 599 608 600 591 581 573 582 591 604 582 593 578 571 564 555 546 559 567 554 547 534 528 519 531 522 515 504 493 500 491 484 474 467 460 470 480 469 462 455 448 439 431 438 425 417 406 401 393 387 366 358 351 346 340 334 327 317 307 303 308 304 298 294 282 275 268 259 267 253 246 238 233 223 230 220 212 208 199 195 189 194 184 187 183 190 195 197 195 181
580 592 582 589 591 593 601 609 616 603 591 596 601 605 609 604 601 604 610 616 618 628 610 617 622 617 611 618 628 633 624 617 621 617 610 603 599 593 600 610 602 595 600 607 615 609 599 591 586 580 571 579 590 599 592 584 575 566 576 600 583 575 584 570 564 555 548 538 551 559 548 539 548 521 513 525 515 506 497 484 494 484 477 468 461 453 461 469 461 454 447 440 431 420 428 418 408 398 386 380 370 361 349 365 357 348 329 319 311 303 298 302 298 293 286 273 268 261 253 249 244 236 231 226 218 225 215 207 201 196 190 184 190 181 183 179 185 187 194 183 179
574 578 580 585 589 601 596 603 599 592 585 592 597 600 615 601 595 599 604 610 615 610 604 610 615 611 606 613 621 629 616 609 617 612 604 596 591 586 593 604 597 589 609 618 610 602 592 586 581 569 563 571 581 588 581 574 566 559 568 582 573 567 573 559 551 545 539 532 542 551 542 533 526 513 506 516 506 498 488 476 487 478 468 459 451 444 455 463 453 445 437 428 423 414 421 409 400 390 378 372 363 354 342 352 343 334 321 327 315 308 294 310 293 286 278 266 259 251 261 243 237 229 222 219 214 220 210 203 196 190 184 181 178 174 190 175 177 184 190 180 174
569 571 587 581 583 585 591 593 591 587 582 599 603 611 603 595 589 596 600 603 608 600 597 618 624 606 599 604 610 619 610 605 611 604 597 591 584 577 586 598 592 582 593 601 619 593 586 581 572 564 556 560 572 597 574 568 560 553 562 568 581 559 566 553 545 539 532 526 535 544 534 525 517 507 500 507 498 490 480 469 477 470 461 451 443 437 447 457 443 434 426 420 412 405 413 398 391 382 373 365 355 346 337 342 335 327 316 312 305 298 289 297 285 276 270 278 253 245 239 247 243 235 229 216 211 208 217 207 199 195 190 186 182 171 180 171 174 179 185 174 168
566 569 574 578 589 592 596 591 587 583 579 587 594 605 598 589 586 591 594 598 601 596 593 604 610 598 591 597 604 612 605 601 606 596 590 582 574 570 579 590 583 577 585 593 602 582 577 566 559 554 549 555 564 579 568 562 553 546 554 560 571 553 573 560 553 547 539 520 529 536 525 516 508 499 491 498 492 484 473 462 470 463 455 445 436 428 439 449 437 427 417 409 403 397 392 387 382 377 368 357 348 341 332 337 328 320 310 302 297 291 283 292 278 271 266 260 246 239 234 241 231 225 215 212 219 202 206 202 195 189 181 178 174 167 173 167 170 175 181 169 165
564 566 568 571 579 585 589 596 584 579 573 580 583 587 591 585 579 586 590 604 594 591 588 596 600 592 584 592 597 601 613 595 600 590 581 574 568 564 572 579 591 570 577 581 587 576 570 580 571 562 543 549 557 570 561 554 545 537 547 552 562 546 558 550 542 536 526 512 537 522 516 508 499 491 482 492 484 475 464 455 464 456 446 438 430 422 432 440 428 418 408 403 396 391 386 381 375 366 361 345 339 332 324 331 320 312 305 298 293 283 277 285 270 264 258 252 242 232 228 232 226 219 212 209 205 198 203 194 188 182 178 171 167 163 163 161 165 167 169 166 163
560 564 572 567 573 576 586 592 581 588 568 573 578 581 587 578 574 576 583 594 601 587 581 590 596 586 576 586 590 609 594 589 596 582 574 568 564 559 579 566 575 564 572 576 595 584 562 570 554 547 538 560 551 559 554 547 539 531 538 545 553 540 548 541 535 528 517 506 517 531 510 497 489 480 473 484 476 467 455 447 456 449 438 431 422 416 426 433 419 412 421 397 390 384 377 370 360 374 352 361 331 324 315 323 311 304 296 291 287 277 272 265 277 260 253 245 234 227 220 226 233 223 218 203 198 193 197 189 182 177 174 179 164 158 169 158 161 172 166 164 158
557 570 560 563 569 573 580 586 576 573 564 570 575 588 592 585 569 573 577 587 592 583 576 582 587 578 569 578 583 593 587 582 578 570 582 564 559 551 565 557 569 557 562 571 580 568 556 550 545 538 533 540 545 554 544 534 527 522 527 534 542 532 542 534 528 519 509 499 510 517 502 490 483 473 464 477 469 460 449 441 447 440 430 440 430 411 418 423 414 407 400 391 382 376 369 362 351 360 346 337 325 319 308 318 302 297 290 285 280 273 267 261 255 249 244 237 227 222 215 220 227 216 207 212 204 190 202 195 186 182 170 166 173 155 152 155 158 162 172 159 156
554 557 558 560 564 568 576 581 572 568 560 566 572 576 582 573 563 570 574 581 588 574 569 575 579 573 564 571 575 580 594 577 572 563 558 570 551 547 543 552 561 549 555 566 572 559 551 544 535 529 524 534 554 545 538 527 521 515 521 529 535 524 536 528 522 512 502 492 501 508 495 484 476 467 457 467 459 451 441 433 455 432 424 433 415 406 413 417 408 399 393 384 376 371 363 355 345 340 333 328 318 313 302 311 297 293 284 279 271 266 260 253 248 243 236 229 223 212 207 212 215 211 200 207 193 187 194 184 179 172 165 162 157 163 150 160 165 159 157 155 151
549 555 556 564 569 564 570 573 568 563 555 559 567 583 573 566 559 563 566 576 582 570 564 569 575 568 560 564 568 572 577 571 565 558 552 562 557 543 539 546 553 541 547 560 581 569 562 553 544 524 517 528 541 534 529 516 511 506 512 518 525 516 530 522 514 503 495 486 493 502 486 476 467 459 448 459 451 443 434 424 439 424 418 409 404 398 406 412 402 393 384 379 371 363 352 347 339 332 325 320 311 305 296 304 290 286 277 271 266 261 268 260 256 238 229 222 217 207 201 206 210 205 197 191 184 180 181 178 175 166 161 157 153 147 145 150 153 164 154 149 147
547 549 554 570 558 560 558 566 561 557 552 568 561 569 561 557 552 556 563 569 576 563 559 564 567 575 556 571 577 584 570 562 558 553 547 556 545 539 534 553 539 534 541 552 562 555 549 540 526 518 512 520 533 526 520 511 506 501 519 524 514 508 522 514 506 494 485 480 502 486 477 469 455 450 440 453 444 436 427 419 430 439 407 417 399 391 397 401 391 386 375 365 360 354 345 340 332 324 319 309 301 296 291 287 283 278 272 264 260 256 261 251 240 230 220 216 209 203 196 212 201 198 190 186 179 176 178 175 169 159 171 165 159 145 141 147 149 153 148 152 144
541 545 546 549 553 555 553 559 567 552 548 552 558 564 571 551 548 552 556 558 562 570 552 558 577 561 552 558 563 569 560 569 554 547 541 551 558 547 528 535 530 526 532 546 554 546 539 531 520 512 505 512 521 534 512 503 498 493 505 515 508 500 513 504 497 488 479 471 479 473 468 461 449 443 435 442 436 429 420 412 422 415 402 396 388 383 391 396 385 377 369 360 355 348 338 332 322 317 310 316 310 305 299 292 279 272 267 259 253 249 252 245 234 222 214 208 203 197 193 198 205 192 184 181 187 173 185 170 163 153 157 151 147 152 139 136 144 144 142 147 138
536 541 543 553 556 552 547 555 550 548 543 545 550 553 556 563 545 548 551 554 572 556 549 564 571 555 546 552 557 561 555 575 562 554 537 544 539 531 521 527 537 521 525 537 546 539 527 522 515 506 497 520 502 510 519 514 507 488 496 500 515 495 503 492 487 480 473 464 473 482 476 453 441 434 428 436 427 421 412 403 416 407 415 391 383 376 380 389 375 369 361 352 347 339 332 324 317 311 303 307 301 296 292 282 274 267 262 253 247 242 248 239 227 236 223 216 209 194 189 204 194 187 194 178 171 166 172 162 156 150 152 147 144 141 136 133 139 149 140 137 132
530 533 539 546 550 556 544 547 554 544 538 540 546 560 550 546 540 555 566 559 566 552 545 554 560 548 540 543 550 556 551 557 550 540 533 538 532 524 515 535 522 516 538 530 534 530 521 515 506 499 490 506 495 503 511 500 490 482 488 495 503 490 497 503 498 490 482 458 465 474 460 444 435 428 423 444 420 415 406 396 409 401 394 385 377 367 375 382 368 360 353 347 338 348 340 331 326 306 298 314 295 289 284 276 269 263 254 247 241 234 241 231 221 231 213 209 199 190 185 191 185 181 174 169 166 162 159 152 163 145 149 143 150 138 133 129 131 136 137 143 128
526 531 535 540 555 546 540 541 545 539 534 546 538 540 547 538 534 541 545 552 557 545 541 549 545 541 535 539 543 552 543 549 543 533 528 533 522 518 510 517 530 510 518 523 529 515 510 524 501 494 483 498 486 494 505 493 502 476 483 504 491 484 506 491 483 473 464 453 470 457 451 438 429 438 418 428 411 405 397 387 392 409 384 377 370 360 368 376 360 354 345 336 330 341 323 318 309 299 293 301 287 281 276 270 263 258 248 242 235 229 232 225 215 223 207 201 194 201 181 187 180 173 167 176 161 157 150 145 142 139 141 139 135 130 128 125 127 131 135 131 125
524 526 530 532 542 536 534 539 542 534 529 536 532 537 543 533 527 530 537 543 546 541 538 544 539 535 528 533 537 545 537 543 535 526 521 526 517 509 505 512 519 503 510 514 520 511 502 496 492 485 475 489 479 489 497 486 481 471 478 489 483 475 484 499 475 466 455 448 460 448 442 433 424 419 413 421 406 397 390 378 385 394 377 370 362 353 359 366 355 348 339 329 324 332 316 308 300 293 286 282 276 272 268 263 256 250 242 234 229 223 228 218 211 204 198 193 189 183 174 180 170 164 160 166 154 151 159 150 137 134 139 142 137 141 132 123 131 133 129 126 120
520 532 527 538 526 534 529 531 536 530 527 529 526 534 529 538 524 527 530 534 540 544 534 536 532 529 523 527 530 538 531 535 528 521 513 520 506 514 501 518 505 499 505 520 511 506 498 490 482 477 469 482 473 482 490 478 472 464 470 479 472 467 492 476 467 458 449 442 452 443 435 427 419 412 407 401 393 388 381 372 393 378 370 361 355 347 353 360 346 340 331 324 315 310 301 293 289 302 296 286 279 285 276 255 249 241 233 226 220 216 223 210 204 197 191 200 184 177 171 167 163 171 157 150 159 146 153 140 134 131 133 138 143 134 124 118 123 130 124 121 118
515 521 523 527 524 521 523 529 529 538 524 535 520 523 526 523 517 521 526 540 530 536 528 542 528 521 516 520 537 526 523 529 518 513 506 510 500 506 496 506 501 495 500 508 503 499 491 483 476 469 460 474 465 471 479 468 463 457 465 474 481 461 473 462 456 450 440 433 442 433 425 413 434 406 400 393 384 378 372 367 374 368 360 353 346 341 346 351 338 331 324 313 308 303 294 288 282 286 290 279 275 267 261 267 256 249 241 233 214 210 205 200 195 190 187 181 174 171 168 163 157 152 149 146 143 140 135 131 138 127 129 132 136 128 118 114 116 120 128 118 113
513 516 518 534 529 519 529 525 527 532 522 519 514 529 521 515 511 516 519 531 524 531 524 530 521 515 512 516 521 532 517 513 509 505 498 505 496 499 492 499 494 488 492 502 498 492 486 479 471 463 454 463 456 463 472 463 458 449 454 459 466 455 466 456 449 444 434 426 435 422 416 405 425 417 408 388 397 372 366 360 368 360 355 346 337 332 352 340 333 326 317 308 301 296 288 283 278 291 282 273 262 258 254 250 244 236 228 219 225 217 213 207 201 197 183 192 182 177 172 165 161 155 162 150 157 136 130 127 133 123 135 138 128 122 127 111 114 111 120 111 108
510 513 516 522 516 513 520 523 524 537 528 516 512 518 528 522 507 523 528 522 517 525 517 522 517 512 508 512 528 514 510 520 503 495 491 501 488 495 487 506 486 480 488 495 487 481 476 471 464 457 448 455 450 457 466 455 448 440 447 454 459 450 458 447 440 435 426 417 422 416 407 398 411 403 393 383 378 363 358 353 359 352 343 333 344 326 336 331 324 317 304 300 294 287 282 276 271 279 274 265 257 251 260 246 239 231 222 215 209 225 207 196 191 185 179 185 173 167 163 158 167 162 152 142 147 140 135 122 128 118 120 127 122 118 115 105 107 109 114 118 106
506 509 514 517 513 510 515 519 522 526 519 525 507 510 516 510 504 511 516 529 510 518 512 519 521 518 504 509 516 509 504 499 494 491 484 494 482 486 479 492 478 473 478 490 483 475 467 460 456 449 443 462 446 464 454 446 439 431 438 444 452 445 452 441 434 425 414 408 415 410 398 393 402 396 385 375 369 378 353 346 354 339 334 327 334 320 330 321 316 309 299 294 285 297 292 284 266 270 266 259 252 245 253 239 232 225 215 209 205 213 199 192 186 179 172 179 166 162 154 151 161 152 146 137 143 132 126 115 123 112 118 120 116 113 109 100 103 107 104 108 103
503 515 519 513 511 506 509 515 520 532 517 510 501 504 506 516 500 504 508 516 507 508 505 509 515 507 499 505 507 503 496 505 490 485 479 488 474 480 473 484 492 467 473 481 475 469 463 455 448 444 438 451 442 452 446 438 434 426 433 437 442 436 445 434 426 418 406 401 409 401 393 386 392 387 378 370 362 357 348 340 333 347 326 319 327 312 316 328 311 303 295 288 280 289 275 269 258 264 256 252 247 238 234 228 224 217 209 204 200 196 192 185 178 172 169 166 162 157 151 147 155 145 139 134 131 128 120 113 118 110 106 116 111 107 103 95 111 105 99 105 99
502 505 510 519 505 501 504 506 510 514 511 505 499 510 514 504 494 498 504 511 500 505 498 515 503 500 492 498 513 498 490 496 486 481 472 482 469 476 465 477 470 461 466 470 482 474 467 462 456 439 434 445 437 442 455 450 442 420 425 431 436 428 437 426 417 410 401 394 399 392 386 378 383 373 363 377 356 349 341 333 327 323 319 313 321 308 321 312 302 293 285 280 274 283 270 261 250 258 250 244 239 233 229 223 212 208 201 208 204 201 195 189 181 177 182 173 168 164 148 144 149 139 133 139 128 121 115 109 107 113 104 110 115 103 98 93 99 111 95 96 94
498 502 506 511 517 498 500 516 503 508 501 496 493 498 502 498 492 495 509 499 495 500 495 501 509 493 488 493 502 492 486 483 480 476 469 474 465 461 457 471 464 456 461 466 472 468 460 452 446 453 430 426 430 437 442 435 427 414 421 423 431 420 430 417 410 403 395 387 393 382 377 369 377 366 358 352 345 341 349 344 337 331 315 307 315 300 312 305 297 284 280 274 270 278 262 254 244 246 242 252 235 227 219 215 206 199 193 199 209 194 200 195 188 173 170 163 157 153 164 141 136 129 126 133 122 117 111 117 101 104 99 101 105 98 92 90 105 96 90 93 89
493 497 502 505 500 495 505 510 500 514 498 491 489 494 497 494 490 493 496 506 492 496 488 494 497 503 485 489 495 482 493 479 474 469 464 471 461 469 453 463 456 452 469 475 462 458 450 444 438 433 441 422 437 442 433 426 420 408 413 419 424 413 422 407 401 393 389 383 379 374 369 363 359 354 350 362 353 337 345 332 326 319 310 301 297 293 300 296 289 280 271 281 264 257 253 247 239 254 238 230 221 215 227 210 202 195 189 193 195 189 192 187 178 168 161 158 151 148 157 145 141 135 123 120 116 112 109 106 99 109 97 106 110 102 97 88 92 88 86 88 85
492 489 491 502 497 491 495 500 496 502 492 489 485 487 494 488 486 490 502 492 486 493 481 487 491 487 479 482 489 478 486 473 467 461 457 464 455 461 445 452 463 444 455 463 457 449 443 437 432 427 422 418 425 430 423 417 412 403 421 428 414 407 415 402 409 401 396 389 373 382 376 368 376 361 346 354 337 330 326 321 334 313 305 295 304 288 295 285 281 273 266 261 254 261 269 239 231 241 233 223 217 208 214 203 196 190 185 197 192 185 196 180 171 177 167 153 147 144 151 138 133 124 120 114 110 120 113 102 97 102 92 94 99 92 103 86 87 85 80 85 81
489 486 489 495 490 487 501 491 493 497 490 486 483 485 487 485 480 485 489 481 479 484 474 481 486 480 475 478 474 471 479 468 462 458 451 459 452 449 441 444 449 439 449 455 447 442 436 430 441 422 417 410 414 422 429 423 406 399 405 410 421 402 398 394 401 395 386 378 367 377 371 364 356 348 342 338 346 326 321 315 308 302 297 290 285 281 288 280 271 264 259 250 246 254 245 233 227 235 226 218 209 203 198 209 202 185 182 188 184 178 188 175 167 163 157 148 142 138 133 145 127 120 114 110 106 114 105 99 95 92 90 98 94 89 83 80 84 81 77 90 80
485 484 483 484 486 481 484 487 499 488 484 491 479 491 483 480 474 477 486 479 476 471 467 471 481 472 468 474 480 467 474 461 469 454 444 466 449 443 435 439 443 435 441 443 453 437 430 425 433 416 412 404 410 415 419 411 399 393 401 415 403 398 392 386 393 388 377 370 362 366 362 352 345 338 350 333 329 320 325 320 327 313 306 299 293 273 282 274 264 258 254 245 241 249 238 229 220 229 219 210 203 210 193 204 190 182 176 181 190 175 182 168 161 154 151 142 138 134 130 124 118 113 108 118 104 109 105 102 98 104 87 93 88 83 89 77 78 75 72 74 77
483 483 482 489 484 479 482 496 490 484 480 484 477 482 479 475 471 475 481 487 473 467 464 466 475 469 463 481 468 464 461 454 451 447 440 452 443 438 429 432 438 427 435 439 434 427 423 417 422 412 404 399 418 425 410 403 392 387 393 406 398 393 386 381 387 381 373 361 356 361 354 345 340 330 338 327 321 315 320 310 303 295 291 286 278 266 273 268 260 254 247 240 235 241 231 222 214 221 211 204 199 196 190 197 184 176 172 175 182 169 164 157 149 161 145 139 135 131 124 120 115 109 106 112 102 113 103 98 94 89 83 89 85 80 76 71 73 80 71 78 77
481 482 481 480 479 477 487 478 481 488 476 481 475 478 475 470 468 480 470 474 468 463 458 463 467 460 456 460 464 460 449 459 446 440 437 445 439 432 426 436 428 424 428 434 426 422 417 413 429 416 411 395 406 412 405 396 388 381 389 399 392 387 380 375 382 373 366 374 350 357 348 339 334 324 328 319 315 310 306 301 297 290 285 278 270 260 266 255 249 260 254 236 227 232 223 214 210 217 203 197 194 191 186 183 178 173 169 172 169 163 158 152 145 151 139 133 142 135 129 126 111 106 104 101 98 105 99 93 87 85 81 86 78 86 72 69 79 73 70 71 76
478 481 488 482 487 472 475 472 487 476 474 472 469 472 467 475 463 467 464 467 464 458 455 469 458 454 451 454 457 453 444 453 459 446 434 436 433 428 422 430 425 420 423 429 419 416 411 407 415 408 399 391 398 402 398 388 384 377 384 391 384 376 385 370 374 367 358 353 343 349 340 333 326 320 333 315 310 305 299 295 290 283 276 271 262 254 262 247 242 248 240 231 222 239 217 225 206 202 199 203 198 202 193 180 174 169 165 179 174 168 163 159 142 135 132 126 129 126 122 115 121 109 112 106 96 100 95 101 92 82 76 79 74 71 77 67 70 77 69 75 78
477 476 483 478 474 471 469 466 470 474 479 468 464 478 464 470 459 473 462 472 460 455 453 457 462 451 448 460 450 447 439 446 442 438 431 443 429 424 415 418 421 413 417 423 414 411 407 403 411 400 391 385 393 396 391 383 373 369 373 380 373 369 375 363 368 359 353 347 337 343 335 329 322 315 323 311 306 301 292 286 281 273 268 263 256 248 256 241 234 241 232 223 218 226 210 205 202 199 196 210 192 195 201 187 182 175 161 169 164 158 153 148 135 143 139 122 136 119 114 109 111 117 106 100 93 97 90 87 81 77 74 85 69 66 63 61 63 70 64 69 73
480 475 473 472 470 474 467 462 464 466 467 465 461 466 461 459 456 458 460 462 466 460 450 454 452 447 441 447 457 442 436 441 437 434 428 424 420 417 412 422 415 409 414 429 411 406 402 398 404 392 385 378 385 389 381 376 368 363 369 376 382 365 359 355 359 354 348 341 329 336 329 322 317 311 318 304 300 293 287 278 274 268 262 256 249 241 236 248 230 236 224 218 214 211 218 214 208 195 191 188 185 191 186 179 173 166 158 164 154 149 145 141 132 137 128 119 126 114 111 105 117 105 100 95 91 94 98 91 86 81 71 68 65 75 69 60 59 66 61 65 66
480 478 476 481 468 466 463 461 460 463 471 461 458 462 464 469 454 464 458 465 458 452 444 451 445 439 436 439 445 436 429 435 441 448 430 427 434 424 408 414 420 406 411 419 404 399 396 391 387 381 376 371 379 382 375 367 362 357 362 384 368 361 353 349 355 350 343 333 324 328 319 313 325 306 299 312 296 289 281 274 269 263 258 252 260 247 232 228 222 227 217 225 211 206 212 206 197 191 188 184 178 187 176 169 166 160 151 158 151 145 139 135 129 124 121 116 120 126 105 103 101 96 93 89 86 100 90 84 78 74 69 64 62 64 73 65 56 61 57 62 70
479 473 471 474 478 471 466 464 459 458 464 470 456 454 460 456 451 449 455 459 450 447 441 444 440 437 433 436 431 428 424 431 437 432 426 421 417 413 403 421 408 402 408 413 408 404 410 398 392 388 372 365 374 378 384 370 378 352 358 364 359 354 346 342 347 343 335 327 316 320 314 308 304 298 292 297 286 280 276 270 262 271 254 247 241 236 228 224 217 213 210 214 208 202 207 199 192 187 182 176 173 182 189 174 161 154 148 151 144 138 134 127 136 120 115 112 117 108 114 100 97 92 90 97 83 88 80 77 74 70 71 69 60 67 63 56 52 58 53 55 57
475 480 469 471 474 477 471 465 462 455 460 453 461 450 455 462 456 443 445 451 447 443 438 450 435 431 429 434 426 421 417 427 433 426 421 417 412 406 399 406 401 396 402 406 400 396 393 387 383 377 367 362 368 385 371 364 357 346 350 353 367 346 341 335 342 329 324 320 312 326 320 303 298 291 285 303 291 299 284 263 254 263 250 240 247 241 235 230 220 227 203 210 217 196 202 193 187 180 188 183 170 175 172 165 157 150 142 145 138 134 130 123 120 116 122 109 106 103 100 108 103 90 86 91 80 77 88 72 68 66 76 62 57 62 58 53 51 48 52 53 54
470 466 468 475 472 467 466 463 458 453 452 450 450 448 446 451 447 441 451 446 441 436 432 433 441 435 427 422 431 417 411 420 423 418 426 411 404 400 393 402 396 392 396 399 408 392 389 383 374 371 364 359 362 368 358 353 350 343 347 360 344 338 333 330 326 321 318 312 307 315 308 298 294 285 280 286 280 274 269 258 249 255 243 235 242 230 226 223 216 209 199 204 201 193 189 185 180 177 183 171 164 171 166 159 153 144 135 141 134 128 123 130 116 113 111 117 103 98 94 97 93 87 80 86 77 71 83 77 74 64 61 55 54 57 55 50 47 45 49 56 52
467 463 473 465 477 472 477 463 462 453 458 445 447 454 440 447 442 439 442 437 434 441 429 431 433 437 433 418 415 411 409 414 420 411 420 404 400 394 389 393 390 386 391 394 401 387 382 376 369 364 361 354 368 359 352 348 343 338 341 338 334 344 328 323 333 318 310 307 303 310 300 294 287 280 273 276 270 267 263 251 245 239 236 232 226 234 222 211 208 202 196 199 195 190 184 180 175 171 167 162 157 162 158 151 146 139 132 129 126 122 116 111 122 111 105 101 97 93 88 93 85 81 78 75 72 69 73 81 68 60 61 59 51 55 47 56 51 44 43 44 49
462 462 460 461 469 464 467 462 453 452 448 443 443 441 438 441 450 436 438 444 432 427 424 437 428 434 422 425 419 416 406 419 409 406 413 399 395 402 386 400 385 380 383 389 385 382 377 370 366 359 353 349 355 352 348 344 337 333 335 332 328 325 322 317 323 313 320 303 296 301 295 289 278 271 267 273 280 263 256 263 252 235 229 226 222 219 215 208 203 196 192 206 186 182 177 173 168 165 161 154 151 154 147 144 137 142 149 135 123 118 112 109 107 102 99 94 92 89 84 82 90 77 86 81 76 66 79 67 62 54 60 51 47 52 43 44 47 49 42 43 45
460 466 459 460 458 459 463 457 452 448 443 438 440 446 436 450 444 433 444 428 438 431 421 424 426 422 419 416 413 409 404 402 415 401 394 405 392 387 380 388 382 375 380 398 392 378 371 363 356 351 359 345 350 345 341 337 333 328 332 337 334 341 328 312 309 306 300 297 291 297 287 283 273 279 264 269 263 257 253 245 238 227 241 234 228 222 229 212 208 203 189 185 182 176 179 183 175 161 157 151 148 160 143 137 132 138 133 126 119 125 114 120 102 108 102 98 87 96 90 76 77 73 78 75 69 63 61 73 57 51 56 46 42 39 38 41 43 47 39 48 52
459 456 454 465 455 461 456 451 446 440 435 434 444 436 434 431 438 430 435 426 432 423 419 430 420 427 416 424 419 406 402 399 405 395 392 388 383 378 374 379 373 369 372 384 378 371 364 355 349 346 352 342 345 341 334 330 327 321 327 330 322 329 316 323 306 313 296 293 288 283 294 277 270 266 261 264 259 251 246 240 232 223 231 220 224 217 208 204 198 194 183 180 175 172 176 170 163 169 153 147 143 139 135 131 126 133 121 116 114 117 111 106 100 96 94 90 83 88 78 72 75 69 74 71 63 69 59 54 52 47 43 42 39 44 34 37 38 41 36 40 44
466 461 452 450 452 457 447 455 442 437 434 431 435 443 438 428 433 427 432 424 422 416 413 419 414 422 414 412 408 403 399 397 393 390 388 382 377 375 368 373 366 363 369 374 370 363 358 365 355 339 341 338 351 333 340 327 323 318 322 326 318 315 311 306 302 299 292 286 283 279 276 273 267 263 258 271 252 247 241 233 227 220 226 213 221 210 203 195 191 187 191 186 182 167 182 165 159 156 148 142 137 132 129 138 120 129 118 114 109 111 107 102 108 94 90 85 81 77 73 70 80 67 69 65 59 75 65 56 61 48 53 40 36 34 33 32 43 35 33 45 35
462 457 450 448 457 450 442 443 447 438 442 430 432 435 430 426 424 423 427 422 417 421 410 408 410 416 421 418 414 409 401 406 397 403 393 387 374 369 364 361 372 358 374 368 361 357 353 349 343 334 347 332 339 330 325 337 330 313 319 323 315 322 316 323 310 295 298 294 286 293 283 280 264 258 252 248 245 241 234 226 220 217 214 209 216 202 197 191 186 183 186 179 172 164 172 158 154 150 144 153 142 137 125 123 115 124 111 108 103 108 100 97 102 98 92 86 84 90 79 68 74 62 65 59 56 64 59 56 54 51 44 49 34 40 36 31 38 33 29 35 31
454 453 448 445 450 445 440 442 440 436 428 425 436 431 433 429 423 418 424 419 415 412 418 403 407 411 413 408 406 404 408 396 390 387 384 377 371 365 361 359 357 355 363 357 368 352 346 341 337 330 340 325 334 327 320 325 316 308 315 318 312 318 308 313 303 291 294 288 279 273 278 269 275 264 260 255 241 236 229 236 226 212 208 202 198 193 203 198 193 176 182 172 165 160 165 154 150 144 141 148 135 129 123 117 113 118 108 103 100 102 110 95 93 90 87 83 80 76 70 66 64 60 71 55 53 52 64 55 50 46 41 38 31 37 32 28 31 26 24 25 27
458 449 453 444 442 450 439 446 435 431 436 424 427 430 438 424 417 414 418 413 421 409 405 401 403 408 417 405 411 400 397 390 388 385 378 382 375 365 363 369 364 352 359 353 359 347 341 337 331 326 334 321 318 332 315 320 311 304 310 313 306 310 304 299 296 285 289 282 271 267 272 262 259 253 249 245 238 245 225 221 216 222 214 199 194 189 195 187 180 171 167 162 156 153 160 148 142 139 136 130 124 120 115 113 111 123 111 109 98 109 105 97 103 95 89 99 85 81 77 72 61 56 54 59 56 51 48 51 45 40 37 33 29 27 29 25 27 32 21 30 25
451 446 442 441 440 438 437 434 432 430 427 423 431 424 429 419 423 410 413 409 417 404 400 397 399 404 412 401 398 406 391 388 385 379 375 372 369 374 360 361 359 350 354 351 345 342 337 332 328 321 327 318 314 322 309 316 305 299 303 310 301 304 301 296 289 282 296 275 265 262 278 259 252 249 244 240 232 229 222 217 212 207 202 205 201 186 183 180 174 181 163 158 165 148 143 140 151 145 138 134 126 123 117 121 108 114 106 97 95 105 99 94 97 101 98 93 82 78 73 67 73 54 52 51 50 56 46 44 39 37 32 37 42 25 24 21 25 21 16 19 21
447 445 444 450 445 450 438 442 436 433 431 422 420 419 417 414 413 408 406 405 412 409 398 394 395 400 406 411 396 392 396 402 390 386 381 370 366 358 356 366 353 345 359 343 341 336 329 327 322 318 315 322 310 317 306 302 296 293 310 297 294 311 293 289 282 277 273 269 262 258 266 253 249 245 239 234 229 222 218 214 209 202 198 194 189 182 178 173 170 166 159 155 150 145 154 137 145 139 134 128 134 120 115 110 106 103 100 95 93 99 95 91 104 98 93 87 79 73 67 61 58 62 50 57 49 44 44 48 37 42 30 28 33 24 22 17 19 25 15 13 17
449 453 447 446 451 441 446 431 430 428 424 423 426 421 426 416 420 413 408 403 407 399 395 390 393 396 400 393 400 390 387 385 382 377 373 366 360 365 352 357 348 343 349 340 332 330 336 319 317 315 309 318 307 303 310 298 302 289 300 294 288 297 289 284 279 273 266 262 255 252 260 250 243 234 230 225 222 232 223 216 222 212 206 200 195 188 175 182 165 159 156 150 147 142 148 133 138 133 128 122 118 113 108 104 111 108 114 102 91 89 91 89 87 92 87 81 75 69 60 58 56 52 47 52 42 41 43 40 36 32 34 27 29 34 19 16 22 13 20 8 11
453 449 448 445 442 438 433 432 429 428 426 424 423 419 414 421 410 406 404 401 400 395 392 389 396 390 397 391 393 396 393 382 377 371 367 361 356 353 347 345 343 341 338 335 330 327 323 332 327 321 306 312 301 297 301 295 292 284 292 288 281 290 284 277 272 266 260 255 251 245 253 240 237 244 227 221 216 227 217 213 205 201 193 207 183 176 171 166 160 155 152 146 142 138 136 131 128 124 122 118 114 109 105 102 108 99 106 96 89 84 97 87 82 87 80 71 69 63 66 60 65 49 44 43 45 40 47 36 31 29 28 24 27 21 26 14 12 9 8 7 9
448 451 445 442 445 440 437 442 431 429 431 428 418 416 412 411 406 414 408 405 397 392 389 386 390 386 391 388 398 388 383 389 381 373 378 370 364 359 349 356 352 347 334 331 325 322 318 316 312 309 304 302 297 295 293 291 286 281 285 276 274 278 275 268 279 261 254 250 243 240 247 235 230 223 220 214 209 220 213 207 201 195 189 187 192 183 179 173 169 163 157 150 143 140 146 135 140 130 124 120 125 118 103 100 98 95 100 91 86 80 85 79 76 82 74 68 65 60 58 55 51 53 47 41 39 37 35 32 29 28 25 23 22 20 19 23 17 14 10 6 5
447 446 443 441 439 435 434 432 428 427 422 420 417 416 420 415 405 409 401 397 402 395 392 385 382 381 384 382 388 381 378 376 386 370 362 359 357 363 353 345 341 337 342 334 329 325 320 322 319 315 309 298 295 292 290 287 292 279 277 274 272 283 268 264 259 253 250 242 240 236 242 230 224 220 215 221 205 202 208 199 204 197 194 184 182 178 174 166 173 168 163 150 148 145 136 131 129 125 129 121 117 112 107 113 96 90 87 84 81 78 76 74 72 70 68 63 60 65 56 51 48 46 42 44 42 34 36 40 31 37 31 27 32 23 16 14 12 8 15 9 2
449 447 445 442 444 440 436 432 430 428 432 425 422 415 412 407 404 399 398 393 391 390 387 386 384 380 382 380 384 377 384 370 376 364 365 363 354 352 347 351 347 335 333 330 324 321 327 318 312 305 303 309 301 307 296 285 282 290 284 280 267 273 265 260 255 250 245 239 246 232 229 223 230 217 212 209 214 200 197 193 198 191 181 189 178 172 168 163 169 157 153 147 145 149 140 136 133 123 135 118 124 118 113 102 99 105 95 90 85 81 87 79 83 78 65 61 57 54 52 51 49 54 41 47 36 33 41 32 27 32 24 31 20 18 13 19 16 7 11 3 1
454 450 454 446 443 442 439 435 433 430 425 420 418 417 420 414 410 405 401 397 392 396 390 384 381 379 378 377 374 373 372 368 366 361 359 355 352 349 344 341 337 333 331 325 319 315 313 311 308 302 300 298 292 289 285 282 277 275 273 270 265 260 257 251 247 244 240 237 235 229 224 221 218 214 208 205 200 198 194 190 188 185 179 176 170 167 165 160 155 150 148 145 143 138 135 131 126 120 118 115 113 110 108 105 103 111 101 95 85 83 90 85 74 72 71 66 58 63 56 60 54 44 40 38 33 31 29 28 26 24 23 22 17 13 12 10 9 5 2 1 0