280 282 282 285 286 291 294 297 292 295 297 301 308 302 302 304 306 310 313 314 312 324 318 322 323 323 329 329 340 331 332 333 334 341 341 343 344 345 352 355 364 371 363 368 372 377 379 380 384 386 387 390 391 393 395 396 401 404 409 414 417 418 422 424 425 429 430 432 436 442 447 449 456 467 460 461 465 468 469 471 475 478 483 485 490 493 497 504 505 506 509 511 516 521 517 525 534 528 534 536 543 536 543 546 548 557 562 563 557 558 568 562 562 563 563 565 565 567 570 571 574 574 574 579 585 586 588 592 596 586 590 595 591 594 594 601 596 596 596 597 600
283 289 284 286 287 287 287 289 290 292 292 295 298 299 310 304 316 310 310 310 310 313 313 315 319 321 325 328 334 328 330 331 332 336 339 340 341 344 346 347 357 366 359 364 367 370 375 377 379 390 395 403 396 405 398 400 403 411 405 409 412 423 418 420 422 424 427 429 433 436 439 458 451 455 457 470 475 478 473 483 478 494 487 489 491 496 506 499 503 509 504 516 520 513 514 518 520 523 529 533 537 532 537 542 543 550 554 560 555 567 560 560 561 570 565 575 569 577 570 572 577 586 575 575 579 582 584 584 584 584 585 586 587 589 592 594 594 595 599 602 605
286 291 287 292 287 292 288 290 290 300 294 298 300 301 302 308 309 316 310 310 310 310 317 321 324 316 319 321 323 326 326 334 339 341 346 349 344 347 357 349 350 352 356 359 362 364 366 371 373 381 384 387 390 392 394 396 398 399 401 404 409 414 415 430 423 433 437 432 436 447 440 443 445 450 461 463 467 471 483 476 487 481 482 483 486 491 493 494 497 499 501 506 508 509 511 513 518 520 525 526 528 529 533 537 541 545 547 549 552 555 556 558 565 574 565 565 576 571 572 577 579 580 576 578 581 585 593 584 584 591 585 589 591 596 592 597 602 595 595 598 598
288 294 289 299 289 294 288 293 297 306 295 306 300 303 304 310 317 312 316 311 314 310 311 314 314 314 314 318 320 321 325 329 332 337 339 341 356 348 350 353 356 360 370 361 366 374 368 381 374 375 377 382 385 388 389 390 395 409 402 406 416 425 416 418 422 426 430 434 438 439 451 444 448 452 453 458 460 462 464 469 472 474 487 495 489 494 503 496 509 503 510 512 509 513 520 515 531 524 526 527 530 531 546 540 544 558 551 562 555 558 561 565 566 567 571 565 565 568 569 573 574 576 577 579 592 586 587 585 592 594 588 590 592 598 601 602 598 595 598 604 599
289 296 290 294 290 290 297 301 305 301 296 299 304 310 305 305 309 310 320 313 318 312 321 315 320 316 318 318 328 322 332 336 341 348 342 347 349 353 363 356 361 362 364 365 367 369 374 388 383 377 379 394 388 392 398 392 403 412 404 408 410 418 422 425 427 432 438 443 453 446 455 449 453 460 455 461 471 464 468 473 487 476 478 481 483 485 490 494 498 499 503 507 512 514 525 517 520 534 527 532 536 532 536 537 541 550 559 563 559 560 562 571 580 569 573 568 574 569 573 580 575 582 583 579 584 589 593 585 587 589 593 602 592 593 594 600 600 598 598 599 600
291 298 301 296 294 290 292 294 297 297 296 311 305 306 314 308 317 312 313 313 321 314 314 318 324 318 319 321 322 323 327 330 331 336 337 342 344 346 350 352 353 358 360 362 364 367 384 377 386 379 380 384 385 388 390 396 397 399 400 404 407 411 415 420 422 427 433 437 439 441 447 452 465 469 457 467 474 470 473 476 481 477 479 483 488 491 493 497 500 502 511 514 517 521 527 522 526 527 531 535 539 536 540 548 542 544 554 558 562 568 563 566 574 584 577 570 579 570 579 588 577 577 577 577 580 583 584 594 588 597 601 596 593 602 594 594 598 600 603 599 601
291 292 292 293 299 294 302 296 299 303 299 301 309 314 308 309 311 315 319 313 315 318 321 318 318 320 335 322 326 329 331 339 333 340 350 343 347 349 351 355 358 361 362 366 368 369 370 373 377 382 385 386 390 393 398 414 401 406 414 406 412 414 417 424 429 435 437 448 441 460 452 455 457 460 470 476 481 473 476 480 485 481 486 500 491 497 506 500 511 504 505 507 511 516 523 528 532 536 547 540 547 541 542 555 543 546 547 552 555 560 561 562 567 571 572 577 581 574 574 582 586 579 584 580 580 588 589 597 590 591 594 597 595 597 606 598 601 608 603 601 601
291 294 298 301 304 298 311 299 302 308 299 302 303 310 305 306 306 308 314 309 311 311 315 322 327 335 328 324 330 332 333 334 338 343 344 347 351 360 353 362 366 369 374 367 369 382 371 378 381 385 397 388 394 399 402 407 403 409 419 409 427 419 421 430 436 438 443 452 443 445 448 450 453 457 462 468 470 476 482 485 491 484 488 492 495 509 513 503 517 506 522 510 515 517 518 523 526 529 531 533 541 544 556 550 545 551 562 556 563 568 573 564 572 584 576 582 583 580 575 576 579 579 580 581 583 583 585 588 598 593 599 605 597 600 600 612 601 602 611 604 601
294 294 294 295 298 300 305 300 309 304 299 299 300 300 303 304 304 305 305 305 308 310 311 315 319 324 333 327 336 341 346 335 352 345 349 354 358 363 354 357 359 362 365 375 370 375 379 380 385 387 391 397 400 413 405 415 408 412 425 413 417 424 429 436 438 443 448 456 446 450 459 452 459 464 469 479 472 481 485 491 493 490 494 511 499 501 505 508 528 511 515 521 527 520 524 528 533 539 533 534 535 538 545 555 547 557 551 552 557 559 567 571 574 577 579 585 587 581 578 581 591 582 591 585 588 584 590 590 590 601 595 599 601 608 603 606 601 605 607 611 603
296 299 295 299 303 306 307 304 314 306 303 307 300 311 305 314 305 308 311 315 308 322 315 317 332 325 336 328 331 335 336 340 342 356 363 356 360 370 358 366 360 365 368 369 376 384 389 395 400 406 393 405 410 417 407 409 415 421 436 416 422 433 436 439 443 447 450 459 452 454 465 457 462 467 473 483 475 491 496 504 496 492 498 503 511 503 510 513 521 516 520 523 531 522 527 530 538 540 538 545 538 539 540 543 544 546 548 550 553 555 560 561 570 573 576 577 579 586 580 584 586 591 594 588 591 585 586 588 588 591 593 594 596 598 598 599 601 601 601 601 607
296 304 299 302 306 306 309 304 310 314 306 302 300 303 308 308 306 312 318 326 310 313 317 320 321 323 327 342 335 348 339 343 345 349 353 360 371 364 359 361 364 368 375 370 371 377 380 386 389 392 397 399 403 405 413 429 417 425 429 421 425 427 432 434 448 457 463 468 474 456 459 462 465 470 482 487 478 483 488 491 503 495 502 507 515 506 526 518 526 518 524 528 534 527 532 545 555 547 540 550 540 545 541 545 552 547 552 554 557 559 561 562 564 569 570 574 576 577 585 589 601 594 596 591 591 599 587 589 591 594 603 597 598 605 599 599 608 602 605 601 602
297 308 312 303 309 312 315 305 305 307 310 302 305 309 315 311 306 308 312 320 314 319 321 324 334 327 331 332 338 341 353 344 346 354 359 361 365 370 362 373 366 372 378 374 378 382 386 388 392 394 403 407 417 410 419 421 426 430 435 425 430 436 443 436 438 450 455 460 463 468 473 467 470 474 476 479 484 487 491 493 496 513 505 511 523 509 515 524 528 522 540 532 536 532 534 537 539 551 542 555 545 553 546 548 562 549 557 560 562 569 563 565 570 571 574 577 581 585 588 591 592 603 608 598 592 593 591 593 596 599 607 602 598 601 607 602 602 606 608 601 605
298 299 301 306 313 315 309 315 306 311 307 303 307 312 318 327 315 309 321 330 316 326 331 335 336 331 334 336 342 345 346 349 354 359 360 369 378 372 367 378 369 375 388 380 384 388 402 390 396 415 407 413 420 416 425 443 429 438 431 427 433 439 456 447 440 442 448 454 457 460 462 477 484 479 482 488 497 489 497 505 498 501 521 513 517 511 520 529 534 524 528 540 545 536 541 556 544 555 546 550 556 560 565 550 555 551 552 554 559 564 565 570 572 576 578 583 588 602 591 601 593 596 598 602 595 598 595 597 600 603 611 603 601 603 611 604 608 612 616 602 602
299 301 301 308 304 306 307 310 307 312 309 306 308 318 318 321 325 314 315 324 318 320 324 326 329 342 335 339 354 347 351 362 355 369 362 363 366 367 368 373 378 398 390 382 386 390 395 406 398 400 403 405 410 426 429 435 437 443 434 429 439 444 448 453 443 449 451 460 465 474 466 470 472 475 477 481 485 495 503 509 502 504 509 518 521 517 525 534 540 528 530 532 537 540 545 548 553 563 551 556 560 563 556 552 556 552 555 558 562 566 567 578 573 580 591 585 591 596 592 594 599 608 601 604 600 602 597 600 611 603 615 604 613 607 617 607 613 616 608 602 602
303 306 302 302 302 304 306 315 307 307 318 306 310 312 316 317 318 321 316 331 320 323 330 340 333 335 338 343 344 355 348 349 361 356 357 362 371 382 374 377 391 383 385 391 393 398 401 411 402 406 417 409 416 418 422 426 431 435 439 435 443 449 453 459 449 453 457 475 468 478 470 472 476 479 481 487 491 499 511 517 505 508 514 523 528 521 529 545 534 530 535 538 542 544 547 557 561 557 553 561 564 566 563 558 560 554 559 563 565 577 570 572 574 589 583 589 596 590 604 597 606 600 603 608 601 605 614 601 605 609 609 607 618 610 611 607 608 619 610 604 608
306 315 309 304 311 306 308 311 308 310 312 309 312 314 328 322 336 323 320 324 334 324 325 326 329 331 334 338 340 342 344 347 352 353 355 358 361 363 368 371 374 379 382 386 388 391 395 400 405 418 422 412 421 432 424 428 441 444 449 440 453 455 458 465 454 457 460 464 479 485 475 478 483 492 486 493 498 501 503 506 511 514 520 528 533 526 533 538 542 533 539 541 545 557 549 551 555 563 559 575 567 571 566 562 564 560 563 565 566 569 573 574 575 577 580 581 582 584 597 591 594 595 600 603 605 614 607 604 608 614 609 613 613 612 609 607 612 613 610 608 608
307 319 313 306 306 308 309 317 311 320 313 310 323 317 319 325 329 334 322 327 328 333 326 327 331 334 337 341 354 343 345 356 359 363 358 360 374 366 371 375 380 386 402 389 392 397 401 404 408 410 416 420 425 441 429 431 433 436 438 444 446 449 452 455 458 461 465 469 471 477 481 485 488 502 492 499 505 521 506 510 513 518 526 532 536 531 535 543 553 538 541 547 550 563 551 557 561 565 561 565 572 580 573 567 570 565 571 575 568 570 580 575 580 590 583 587 583 585 586 587 590 592 595 614 607 608 617 607 613 623 613 621 615 619 609 612 612 618 614 609 610
310 310 314 318 307 310 311 320 312 315 318 310 314 326 331 334 330 327 324 330 335 340 329 332 333 337 342 345 348 345 347 350 353 355 371 363 366 370 375 380 384 390 395 391 394 402 413 406 424 416 420 426 428 433 448 437 446 440 444 449 453 464 457 463 478 467 470 476 482 487 495 487 491 494 500 505 511 513 508 513 518 524 532 537 539 535 538 557 546 542 545 549 552 567 556 568 579 571 564 575 581 584 578 570 576 568 575 579 571 573 575 576 589 594 584 588 584 592 587 602 591 593 597 598 612 607 610 614 615 616 613 613 619 613 611 616 612 621 624 616 610
315 310 310 310 308 313 318 323 313 318 322 314 316 319 324 326 332 328 325 326 329 330 334 341 334 342 347 350 354 346 350 352 357 362 376 366 370 375 381 384 390 392 406 397 401 408 419 409 411 431 423 429 435 437 440 444 449 443 448 451 455 470 460 466 471 476 492 481 488 494 502 492 506 497 503 510 518 524 512 516 523 527 538 542 548 541 547 550 561 544 549 555 559 561 558 561 563 583 566 568 571 576 583 573 584 574 577 583 573 576 590 580 582 583 587 592 588 598 592 595 610 597 598 600 601 604 606 609 611 621 615 617 623 615 611 618 612 613 617 619 612
319 311 313 321 309 320 314 316 313 321 326 316 317 321 331 336 341 333 327 339 330 335 336 337 342 346 348 364 357 351 356 366 359 366 368 371 374 379 386 390 392 395 398 404 408 414 427 412 416 420 434 439 450 442 447 450 455 445 461 455 461 475 465 469 477 481 484 491 496 502 517 499 509 502 509 515 521 530 517 524 530 536 544 547 551 545 553 562 554 549 555 558 561 568 561 564 569 575 568 579 589 581 593 575 577 587 580 595 586 578 582 598 584 589 591 598 593 602 597 601 603 599 600 601 605 608 610 611 620 624 616 622 626 619 613 620 614 617 618 617 612
315 312 320 315 311 311 311 319 313 315 318 329 322 323 325 330 335 340 328 333 344 348 337 342 345 348 349 352 359 353 362 374 361 377 370 375 377 382 390 394 405 398 403 406 414 418 420 414 420 423 427 429 433 436 441 443 466 448 451 470 474 478 472 475 482 485 492 499 514 505 508 502 505 512 517 522 529 535 524 529 537 543 547 553 557 550 560 567 559 553 560 566 572 585 567 571 575 583 570 572 575 577 586 579 584 600 584 587 600 584 587 590 586 602 592 603 594 595 599 603 605 600 603 605 609 611 619 612 613 614 621 623 630 622 617 623 617 618 618 622 612
317 314 323 316 318 312 313 325 315 320 322 334 324 325 330 338 341 346 332 336 337 338 343 347 349 352 357 363 366 359 365 368 364 370 374 378 380 388 404 396 411 402 409 412 417 422 428 419 425 430 434 444 436 439 446 450 457 451 458 461 464 471 477 480 487 494 499 506 520 509 516 506 511 517 520 525 538 541 531 537 540 549 553 558 562 556 564 570 566 558 564 571 585 577 573 575 585 577 573 584 577 579 581 587 590 592 586 590 592 589 591 595 589 594 598 614 597 601 604 606 607 605 610 623 614 618 624 615 624 618 625 630 634 631 620 620 624 618 625 616 612
320 317 329 318 314 312 316 320 317 329 323 325 326 330 331 332 333 336 347 340 348 341 346 357 350 356 362 366 372 363 370 376 370 373 379 381 385 392 395 399 401 404 414 417 421 424 434 425 428 434 438 450 441 446 449 454 462 456 464 482 469 476 484 488 493 501 506 513 525 513 519 513 518 525 536 528 532 536 543 552 544 568 559 565 568 563 570 577 572 564 568 577 590 579 575 578 588 581 575 577 583 593 586 591 597 607 588 592 598 592 594 601 591 598 603 607 599 614 605 610 614 610 614 616 619 623 627 620 630 620 632 636 631 624 621 625 631 626 620 618 616
325 321 324 327 320 315 323 326 321 323 324 329 332 343 336 346 337 340 351 341 342 347 350 351 353 362 364 371 381 368 380 384 372 377 383 386 392 396 400 404 408 412 418 423 428 434 440 431 435 442 449 454 446 453 465 457 467 460 468 473 479 482 502 493 500 506 511 517 532 519 522 517 521 530 541 535 538 544 559 566 548 555 564 568 575 566 579 587 576 567 575 584 596 584 578 582 594 587 581 586 591 599 588 604 607 599 591 595 601 596 598 607 597 601 608 614 602 607 611 616 620 613 615 620 621 627 635 624 625 622 625 627 638 625 622 629 634 630 622 629 618
332 322 328 322 317 315 317 320 323 325 329 332 333 335 338 340 354 343 345 342 351 354 351 355 359 367 371 373 375 370 372 396 376 379 389 395 401 409 402 408 413 416 429 437 430 439 444 436 441 445 466 458 449 464 469 461 471 465 481 485 491 485 488 498 504 511 518 521 543 524 530 523 529 537 547 539 544 547 550 556 551 565 571 578 583 570 573 579 585 571 580 588 609 589 584 587 599 590 586 590 595 608 591 596 600 604 593 598 607 600 606 618 602 608 611 622 606 612 617 620 629 617 621 625 629 633 628 625 632 627 630 637 631 626 641 630 635 631 628 624 622
327 323 323 323 321 318 323 328 336 329 333 336 339 351 342 345 347 351 346 343 345 348 360 362 368 373 375 378 380 375 380 388 380 386 398 403 405 413 405 414 416 418 421 424 426 429 432 440 444 448 451 465 453 456 460 466 475 468 473 476 482 488 492 505 510 515 525 531 534 529 533 527 532 548 553 544 548 552 556 559 554 557 561 565 569 573 580 584 591 578 585 594 600 593 588 593 602 595 588 593 599 601 595 601 603 609 599 605 611 605 608 610 606 613 621 616 609 621 627 630 623 620 628 631 634 644 638 629 641 631 632 640 635 629 634 638 641 637 628 632 626
333 324 325 323 329 323 326 337 338 331 336 338 350 344 355 348 353 361 353 347 355 349 353 357 374 384 377 383 386 379 386 392 385 389 392 394 400 405 410 422 425 428 423 429 445 434 440 444 451 464 456 471 459 464 468 473 480 471 480 484 488 492 499 517 522 527 534 540 546 533 537 533 538 541 545 550 555 571 559 567 561 579 565 569 572 577 596 589 598 585 588 600 604 597 591 597 609 601 592 600 605 611 600 607 613 622 605 610 617 607 613 615 611 617 634 622 611 615 618 623 629 622 623 624 628 631 632 630 635 640 633 636 645 630 639 640 636 631 628 635 630
327 325 328 324 324 336 327 331 334 343 337 339 340 341 344 355 360 354 364 351 359 352 357 360 362 367 371 374 377 386 391 394 388 395 406 399 405 409 412 414 417 421 426 433 436 442 449 456 463 470 461 477 464 470 477 482 488 478 484 487 491 496 505 508 512 518 525 530 536 542 545 537 545 554 548 556 561 564 571 582 566 570 576 583 575 580 584 596 602 591 594 612 617 607 598 605 622 614 597 604 610 624 603 613 624 616 610 614 621 611 618 620 616 622 627 633 616 619 622 625 640 632 625 640 633 636 641 635 638 642 635 644 638 635 643 650 639 634 631 637 632
332 327 332 324 327 330 333 336 340 346 339 348 341 345 347 348 349 351 357 353 355 361 370 363 365 371 375 390 379 381 386 391 394 401 412 404 411 416 425 419 424 427 434 453 439 445 456 461 470 474 468 489 469 474 481 485 491 482 487 490 494 501 510 517 523 528 531 535 543 548 551 544 550 559 553 562 565 568 584 574 569 575 583 589 582 588 593 602 605 597 600 603 610 624 601 620 610 605 600 611 625 616 608 618 628 620 614 620 627 616 623 626 620 625 631 626 618 622 625 627 629 635 626 628 629 631 633 638 639 646 640 646 642 639 652 644 640 644 634 642 633
336 332 328 325 329 335 339 342 345 349 343 353 346 354 348 352 355 360 361 358 363 367 372 367 370 373 377 382 391 384 399 407 401 403 416 409 414 435 427 424 440 430 441 444 450 456 462 468 473 478 472 480 475 482 485 492 495 488 495 504 497 510 516 522 527 531 534 545 550 553 561 549 554 571 557 569 578 571 577 584 576 583 590 594 586 595 600 615 622 600 605 612 627 615 606 611 620 612 607 616 629 620 615 625 632 625 619 624 635 621 628 637 622 631 637 631 624 627 634 629 635 638 630 633 641 635 639 651 640 651 645 659 646 642 646 649 642 639 636 637 636
338 333 341 328 330 339 342 344 350 354 344 347 348 358 351 356 358 364 367 361 373 376 381 372 383 376 380 384 404 389 391 393 395 400 404 425 418 421 424 428 431 436 451 457 461 467 474 480 487 492 479 487 479 485 492 507 498 493 502 511 501 504 510 515 521 527 531 536 542 548 554 565 558 562 568 573 583 574 581 591 582 587 597 600 591 599 604 607 611 605 610 615 618 623 612 619 627 622 613 621 624 629 621 629 638 632 624 627 629 626 640 629 625 648 640 637 628 633 643 635 641 650 635 638 642 639 643 644 641 642 650 652 648 645 648 652 646 642 639 644 637
351 341 335 330 331 333 337 338 340 343 349 361 349 350 354 359 371 365 369 364 366 369 375 381 394 378 386 392 396 392 398 406 398 405 410 413 432 424 431 447 436 440 443 446 451 457 464 469 476 482 489 493 482 499 505 512 504 498 507 518 506 511 515 521 527 533 536 541 545 555 559 571 563 568 572 579 588 579 588 595 587 592 612 603 595 605 608 614 620 612 615 618 621 630 619 622 633 625 618 640 631 634 626 632 641 635 628 633 638 629 632 637 630 634 636 640 634 637 647 641 648 642 637 641 652 644 646 650 643 648 653 656 651 646 651 656 652 648 644 645 641
345 342 340 334 337 344 338 342 349 344 361 354 361 355 357 361 362 383 375 367 373 377 382 397 386 381 396 398 402 395 404 409 402 410 414 417 420 429 434 438 456 443 450 456 470 461 469 475 479 486 494 498 487 490 496 503 514 505 512 521 513 516 521 529 535 553 540 545 551 562 570 578 569 574 579 585 596 584 596 602 592 595 599 609 602 609 616 620 624 619 633 624 628 642 624 629 636 632 623 626 645 638 632 635 645 639 633 639 655 642 634 649 634 637 643 648 640 645 655 647 663 648 642 645 661 646 650 655 648 652 657 662 653 650 652 658 653 652 645 646 642
357 348 344 336 342 345 342 347 350 348 349 350 352 369 362 378 365 368 370 376 380 393 384 390 396 384 388 393 415 398 409 415 408 414 420 423 430 436 449 441 448 462 453 462 484 468 476 479 485 492 500 504 492 499 504 507 521 509 517 528 521 527 533 549 539 544 563 550 556 568 577 582 574 579 584 591 611 589 617 607 598 604 610 614 608 612 622 625 643 626 639 630 643 633 628 632 643 636 627 631 635 644 639 644 651 642 636 643 647 657 639 641 636 639 647 650 643 654 659 651 655 651 645 651 655 650 652 664 653 654 664 657 654 651 655 661 654 662 646 650 643
351 349 347 341 343 348 343 351 356 361 351 352 353 358 367 371 368 370 374 378 383 385 388 393 405 388 393 398 407 400 402 406 412 417 427 433 438 442 453 446 463 467 460 468 475 482 494 485 490 507 512 518 498 504 508 511 527 515 521 532 525 535 541 554 546 550 554 558 563 576 583 589 582 598 588 595 601 595 601 614 605 611 619 624 614 621 630 642 634 629 644 633 636 639 633 636 648 639 632 635 642 651 646 650 656 649 642 648 656 649 642 647 639 643 651 658 645 648 652 656 660 655 648 655 660 654 668 658 654 655 658 659 658 653 659 670 662 656 650 655 644
363 356 350 345 347 350 347 365 358 365 353 356 361 365 370 374 379 372 380 383 388 392 402 395 399 392 399 403 416 406 410 423 415 422 437 442 449 455 459 450 454 459 465 471 481 487 498 490 494 498 503 508 502 511 515 523 533 519 527 542 533 543 550 560 550 556 560 565 571 582 588 596 588 604 593 603 608 599 607 625 613 619 624 631 618 626 635 648 641 633 637 641 647 660 639 646 652 647 639 643 648 662 649 655 660 654 649 655 660 656 646 651 644 650 657 653 648 654 656 660 665 661 654 660 663 657 661 678 663 657 661 666 661 656 662 665 671 658 654 649 645
374 367 355 347 350 356 352 353 354 355 354 361 367 372 382 376 387 377 384 397 402 411 404 400 405 398 404 407 409 413 417 429 422 425 428 433 440 447 452 458 465 471 478 496 484 493 501 495 500 506 511 516 507 515 522 531 541 526 531 535 543 549 557 564 555 562 568 573 577 589 593 601 593 612 600 608 616 603 612 616 633 623 632 645 622 641 646 656 649 640 645 650 658 652 646 650 659 653 644 647 651 654 660 676 663 657 653 660 667 660 650 657 647 653 667 655 652 656 658 663 669 664 660 664 668 660 664 670 666 662 664 673 666 661 665 670 665 662 657 651 647
365 360 357 351 352 368 361 354 359 362 357 368 363 367 373 387 379 384 386 389 393 397 400 402 407 404 408 422 411 418 425 434 427 430 445 436 455 465 457 464 468 478 484 487 494 498 506 500 507 513 530 520 514 520 526 539 554 532 536 543 548 555 564 571 560 570 576 583 589 593 598 607 598 602 608 614 624 611 620 627 639 630 647 636 626 632 637 642 656 647 653 658 666 655 649 653 670 657 649 652 659 673 664 669 674 668 659 665 672 663 655 661 653 655 660 664 656 660 674 666 678 672 665 670 683 664 669 673 668 665 667 668 679 663 668 672 668 673 658 656 648
374 368 364 352 353 354 366 357 371 364 358 359 360 363 365 367 372 378 382 384 386 391 393 398 402 411 414 416 419 423 428 438 444 437 459 439 446 453 463 471 478 481 489 493 498 503 509 503 518 528 538 528 519 528 532 555 546 538 543 547 554 560 570 577 567 575 584 590 598 605 613 620 606 612 619 626 639 618 628 635 647 636 640 650 630 636 645 650 663 653 661 668 672 662 652 657 661 674 653 657 666 685 668 673 679 686 666 672 675 669 661 665 658 662 665 677 659 662 664 669 673 681 668 682 675 670 675 680 673 666 671 678 672 666 679 684 673 666 660 658 652
366 362 357 353 358 363 370 358 360 373 360 372 363 367 370 374 380 386 391 402 388 400 407 402 414 406 408 411 414 417 422 429 432 443 450 443 449 468 472 476 481 486 492 500 507 514 519 507 511 519 525 545 524 532 536 541 550 542 548 552 562 570 578 586 574 579 591 598 604 611 620 627 613 619 625 639 630 623 636 643 651 643 650 642 635 642 649 658 671 659 669 674 681 669 659 663 671 666 660 664 673 676 672 679 686 674 669 679 684 673 664 671 663 667 676 669 664 676 667 674 689 674 670 673 677 674 679 683 677 668 674 680 675 670 672 688 676 669 664 659 655
370 373 366 356 365 367 374 361 374 367 364 365 379 369 374 376 384 391 393 395 391 393 395 397 399 401 404 417 424 428 433 437 441 446 454 448 455 459 464 469 473 479 486 491 496 500 504 513 519 527 531 535 528 537 543 549 559 550 554 558 566 574 582 599 578 583 606 611 619 625 629 641 618 623 631 647 637 631 653 660 667 650 660 652 643 647 655 663 684 667 675 683 687 676 663 668 675 682 663 670 677 684 679 682 691 682 674 699 691 679 671 678 670 675 683 672 666 669 672 679 681 677 672 676 681 677 683 688 682 672 678 682 677 673 678 681 685 670 674 665 659
366 363 360 357 358 360 369 362 364 372 365 369 372 375 390 382 390 404 410 397 403 395 397 400 406 414 406 409 416 420 427 432 435 440 444 454 460 463 467 473 476 484 489 495 501 508 513 521 526 535 541 549 534 545 549 554 567 558 563 568 573 579 586 591 585 590 596 602 607 615 622 631 622 629 635 639 644 637 643 647 653 658 666 658 649 656 664 670 674 691 681 691 699 683 669 675 681 672 666 677 681 691 682 686 698 689 677 684 704 684 678 683 677 681 689 675 668 674 677 682 685 694 678 682 685 679 698 690 686 678 680 687 680 675 690 684 677 671 669 666 663
370 365 370 361 366 361 379 365 370 375 367 374 385 377 380 386 394 396 400 404 408 397 402 418 410 418 409 415 422 426 431 437 440 447 451 457 466 471 476 495 481 487 493 500 507 513 517 526 532 541 545 556 539 561 553 561 574 566 573 579 593 584 592 598 589 596 601 608 615 622 628 639 628 636 641 647 654 644 652 657 665 673 686 664 654 661 668 676 683 702 687 695 716 690 677 681 688 678 672 683 687 697 689 696 707 698 682 687 696 689 683 689 681 685 696 682 671 678 682 684 690 686 682 694 700 683 687 701 689 683 687 698 691 676 680 693 687 681 674 667 665
372 369 381 365 371 366 372 368 372 386 370 382 388 382 385 391 397 403 412 406 413 402 405 407 413 424 414 422 426 433 438 441 445 450 470 462 472 475 480 486 493 508 497 508 514 522 529 534 538 557 549 571 545 550 559 569 579 573 580 587 601 588 596 605 593 602 606 616 623 630 637 643 634 642 648 654 659 648 660 664 671 688 677 668 659 665 674 680 688 693 708 699 706 696 682 690 697 685 677 689 695 701 693 707 698 691 686 690 707 694 689 692 688 695 701 689 678 682 686 691 696 689 684 686 689 686 691 694 700 686 700 689 684 681 682 685 691 685 675 686 670
373 370 374 370 373 369 380 373 377 379 373 376 382 384 388 394 400 407 414 409 421 406 408 414 419 426 420 426 432 436 442 447 450 453 456 475 486 478 483 490 496 500 504 514 522 529 535 539 553 543 557 561 551 559 566 577 590 580 586 593 616 593 602 612 600 606 614 623 630 636 644 661 639 646 654 661 675 653 678 669 676 682 695 675 666 671 681 685 695 701 714 705 714 701 690 698 704 693 684 707 699 707 698 702 708 695 690 694 698 704 695 702 695 698 707 701 683 688 692 696 702 694 689 702 694 689 693 696 707 692 694 691 688 682 684 687 696 689 677 679 674
378 371 377 373 374 370 371 377 379 381 376 380 386 389 395 398 406 410 420 411 415 410 415 417 423 432 425 431 436 439 446 452 457 472 461 466 469 472 478 484 490 494 499 505 510 515 521 528 533 537 542 549 556 565 573 585 596 585 594 600 607 599 608 620 606 613 621 631 636 641 666 651 644 654 660 681 665 657 662 684 692 696 685 679 670 676 703 693 699 708 719 713 718 708 697 704 712 698 689 693 715 729 701 709 720 713 696 699 703 709 699 706 698 709 701 693 687 695 698 700 706 700 692 694 702 695 698 712 701 694 707 699 694 686 689 692 687 682 679 681 679
381 375 380 375 387 379 373 386 380 384 379 382 392 397 399 402 411 415 426 415 422 416 420 423 428 441 432 438 443 450 454 458 462 465 477 469 475 481 487 491 499 506 528 511 515 520 529 537 552 542 546 553 561 571 579 598 602 592 600 605 613 607 614 626 611 619 627 636 641 648 656 662 651 662 667 672 687 663 668 674 681 689 696 684 677 681 688 698 704 716 727 718 731 713 704 708 716 703 693 697 705 719 709 719 710 704 699 706 712 719 706 709 705 715 706 696 691 699 703 708 714 706 695 698 705 698 700 704 714 699 712 703 709 690 691 694 691 688 684 687 680
382 378 382 378 380 382 378 390 381 397 381 387 403 408 401 411 418 428 421 417 428 421 426 429 435 456 437 442 449 453 458 464 471 477 481 473 482 488 492 496 504 510 518 530 520 528 537 544 561 550 555 563 567 575 585 589 594 601 607 613 620 613 619 640 619 625 632 642 648 655 662 667 659 670 675 685 677 669 675 682 687 696 704 692 683 691 696 705 713 724 731 739 723 717 708 715 730 708 699 703 713 724 714 723 717 710 705 709 716 731 710 717 712 720 712 703 694 717 708 712 720 712 708 700 709 704 710 715 706 701 703 709 699 692 697 702 697 692 687 689 684
386 380 383 381 384 387 380 383 387 389 383 391 396 399 403 405 411 415 427 419 421 423 432 438 443 447 442 445 454 460 466 469 475 484 499 479 488 492 497 502 510 515 525 537 526 534 541 548 553 557 561 569 576 580 592 598 606 627 612 619 629 620 626 631 624 632 639 650 655 663 668 676 667 678 686 694 684 675 682 687 694 704 710 700 688 698 704 712 720 745 735 747 730 723 716 728 720 714 706 710 721 728 721 734 724 717 708 713 732 723 715 727 719 726 719 706 698 705 714 717 729 722 714 704 720 710 713 726 709 703 709 713 704 697 700 706 701 697 691 694 686
393 381 394 384 389 392 384 389 402 395 387 396 400 406 414 407 420 426 429 423 428 441 446 458 449 454 446 449 459 463 469 476 482 487 490 485 491 495 501 506 515 523 533 542 534 541 547 554 558 562 566 575 584 589 613 604 611 617 622 627 636 625 631 636 629 638 645 657 662 669 674 681 673 684 691 699 691 681 688 696 701 710 718 707 694 706 711 716 726 731 740 755 743 733 724 735 727 720 714 720 725 732 725 738 729 720 713 716 719 730 721 730 724 732 725 718 701 718 731 723 740 732 725 708 713 723 716 719 713 709 713 720 714 699 714 707 704 700 693 699 690
388 384 387 391 399 393 389 391 393 397 393 399 404 408 419 411 414 419 421 428 430 433 436 439 442 446 452 458 463 467 472 481 489 496 502 488 496 500 507 512 519 529 539 550 541 549 557 563 575 567 575 582 588 594 598 612 617 623 630 635 644 630 638 645 634 645 653 662 668 675 683 691 681 690 698 706 699 686 695 702 707 718 726 713 700 729 719 724 730 738 747 762 750 741 732 739 731 726 719 726 734 739 730 746 736 726 719 740 725 735 726 737 727 721 714 709 704 709 712 715 718 721 717 712 719 728 720 723 719 712 725 713 707 701 704 716 710 705 694 704 692
396 389 394 398 403 395 392 393 396 411 399 401 409 414 430 414 427 433 424 443 436 446 439 446 460 451 455 462 468 472 476 495 498 501 513 494 500 505 512 519 524 542 548 558 548 557 564 572 580 574 583 588 595 602 608 617 622 630 637 642 654 635 644 652 641 652 659 668 673 680 691 697 689 695 703 714 704 694 702 709 717 723 731 721 708 713 726 731 736 742 753 775 754 762 737 757 740 733 727 731 742 748 738 751 741 734 725 731 738 745 731 743 730 737 725 716 710 713 716 721 724 727 723 717 725 739 723 732 726 714 717 723 710 705 718 720 711 709 703 697 693
397 393 397 405 409 399 403 395 401 403 414 406 414 418 422 416 419 424 426 432 442 452 446 453 467 456 462 468 474 488 479 486 491 494 504 497 504 511 516 523 528 533 540 548 555 565 572 576 589 582 591 597 605 612 618 623 629 638 643 655 647 640 649 657 647 657 664 675 680 685 699 704 696 701 710 719 712 699 710 718 726 733 738 727 714 719 733 738 746 753 761 767 760 748 742 747 752 741 735 741 747 756 743 757 749 740 729 735 741 751 734 754 737 744 729 721 713 717 721 725 731 735 725 721 729 731 725 737 721 717 719 735 713 708 710 714 716 713 706 700 697
399 396 398 400 405 400 404 401 406 410 419 412 420 426 432 418 423 429 433 446 452 455 449 466 473 463 467 475 481 495 486 492 495 499 510 500 511 515 524 532 540 553 544 563 568 575 579 590 600 587 597 603 612 618 623 628 636 644 652 664 655 645 655 663 655 663 671 682 690 696 704 710 702 710 717 730 720 707 716 726 733 741 748 735 719 727 748 754 760 768 784 774 767 756 747 751 760 750 742 746 752 764 751 763 755 747 736 743 748 743 737 745 740 750 736 727 718 725 743 729 734 741 733 727 734 737 734 727 723 719 722 727 716 711 717 728 718 716 710 701 706
410 398 407 413 407 404 409 405 420 412 423 416 432 438 426 421 425 433 436 438 444 447 453 458 465 469 475 479 488 500 489 495 502 507 516 506 516 521 528 539 548 561 549 553 560 566 574 582 590 594 605 611 620 628 635 642 648 656 661 670 660 652 663 671 662 668 679 687 696 703 710 716 708 715 722 738 728 715 723 731 738 746 757 748 726 733 738 743 749 756 762 768 776 762 754 759 766 754 748 752 759 771 759 768 762 752 741 747 761 752 743 754 747 755 742 734 722 728 735 754 739 748 737 731 739 742 747 738 731 724 728 722 718 714 720 722 726 719 715 706 709
403 399 400 401 404 408 414 408 410 417 428 421 424 429 432 424 427 439 446 440 448 455 459 464 469 479 484 494 502 508 494 499 506 512 519 513 522 528 535 547 555 568 557 561 568 573 579 587 598 602 613 621 629 636 641 650 658 664 676 683 667 658 686 676 667 675 685 694 703 710 718 725 713 721 728 746 733 721 731 736 746 759 749 739 731 738 746 752 759 767 774 780 789 767 760 767 771 764 756 763 768 779 764 775 766 759 746 752 755 760 750 763 754 759 749 741 726 732 739 745 760 751 745 737 752 760 752 743 734 730 736 725 720 717 726 732 736 720 725 717 710
405 401 406 414 407 410 418 413 419 422 432 425 428 433 441 426 440 443 453 446 453 459 462 471 479 472 476 485 494 499 512 503 511 518 527 521 527 536 547 556 565 558 579 569 579 592 583 593 605 613 621 629 637 644 651 659 665 680 668 691 675 664 669 682 674 683 693 701 710 717 726 733 719 729 737 751 740 727 753 743 754 776 755 744 737 743 753 758 767 775 781 787 780 772 765 771 777 769 761 770 775 794 770 780 770 765 754 760 768 775 755 773 759 770 762 755 732 738 743 751 765 754 751 742 744 747 758 749 743 735 739 733 727 721 744 736 727 722 731 722 715
409 403 409 417 411 414 422 415 423 428 436 429 431 450 435 430 432 435 438 440 443 450 456 461 464 467 472 479 485 513 504 507 521 512 518 527 534 548 540 548 559 552 560 583 573 578 589 603 596 604 612 619 625 633 639 646 653 670 660 667 683 671 677 690 679 691 701 707 718 723 734 742 725 737 742 759 746 733 738 750 760 766 760 749 743 750 761 766 774 783 791 798 785 777 771 779 787 775 768 774 781 785 777 787 778 772 758 766 776 765 758 764 776 758 752 746 739 746 752 759 777 761 754 748 756 749 752 765 745 741 746 737 732 725 731 747 730 735 726 723 720
413 404 414 422 416 420 424 421 426 433 439 434 438 442 438 432 445 437 443 448 453 459 473 464 469 474 480 484 488 491 496 500 503 507 512 519 523 527 532 536 542 546 554 562 566 572 578 583 589 595 602 609 616 621 627 634 641 646 652 660 666 677 682 696 684 698 706 715 726 733 740 748 733 743 748 766 754 741 746 757 768 775 766 754 748 755 769 775 782 790 797 805 791 783 776 787 794 780 774 779 787 793 785 792 783 791 762 774 793 772 762 774 767 762 756 751 743 753 756 765 768 772 763 754 758 754 763 757 750 746 751 742 734 729 747 740 732 740 735 728 722
424 409 419 425 417 425 432 426 432 449 441 438 444 450 444 438 449 442 448 450 457 463 479 468 475 478 487 490 496 501 512 505 511 530 520 527 531 537 542 561 546 554 561 569 573 577 586 592 598 604 611 619 625 633 648 639 648 654 660 667 675 684 690 702 691 713 719 727 737 743 749 757 739 749 757 772 760 746 754 765 792 782 773 763 756 762 776 784 791 796 805 812 796 791 782 794 800 788 780 784 792 798 791 806 796 776 770 793 783 776 769 777 771 766 759 754 748 758 764 770 783 775 769 758 767 759 770 763 753 748 762 755 739 731 735 745 736 742 738 733 727
417 412 413 414 421 433 438 430 435 438 451 443 448 455 449 442 460 445 460 453 463 468 488 473 478 485 491 498 501 507 516 510 514 518 526 531 536 541 547 552 559 565 573 577 581 587 593 598 606 612 619 625 633 640 659 644 654 659 667 672 683 689 697 710 697 703 711 719 727 734 740 773 747 756 764 780 767 754 760 770 775 790 779 771 761 769 783 791 796 803 813 821 808 798 790 800 806 794 786 793 800 810 801 795 787 780 774 780 794 784 776 784 776 782 769 761 754 763 767 773 790 780 772 765 770 762 777 766 758 754 768 747 741 736 741 750 739 748 743 735 730
421 417 420 415 426 427 434 446 438 450 455 445 452 457 453 447 453 448 452 466 473 477 480 487 494 500 505 511 516 522 529 515 518 525 534 538 543 547 554 562 566 574 578 586 594 614 601 606 614 621 626 631 639 645 650 658 664 670 677 682 689 694 705 717 704 712 718 726 734 741 747 763 753 762 771 788 774 762 768 776 782 798 786 778 767 777 797 802 807 817 822 830 813 806 798 807 814 802 794 802 806 822 812 805 798 788 778 784 788 794 783 790 782 789 776 768 761 767 773 780 794 784 775 768 776 765 770 779 760 765 757 753 759 742 747 755 745 753 748 737 732
426 419 423 418 419 435 428 436 451 443 449 452 461 463 456 452 457 451 454 457 464 468 472 476 482 488 494 500 505 510 515 521 526 532 538 546 561 551 558 582 573 578 584 594 600 604 610 615 623 628 636 643 651 658 674 664 672 679 684 690 695 702 711 724 710 720 728 735 743 750 756 770 759 770 777 795 780 768 776 783 790 806 794 786 773 782 788 796 801 808 815 820 825 814 804 813 822 806 801 806 814 829 820 810 803 796 784 790 794 810 786 793 788 794 782 773 764 779 785 788 801 790 784 775 778 771 777 772 764 771 763 758 749 745 753 760 750 761 753 740 734
433 422 430 425 420 422 424 430 434 438 444 448 454 459 464 456 463 455 460 464 469 475 478 483 487 495 498 506 512 516 523 528 536 543 548 554 567 559 563 568 580 584 589 599 608 615 623 631 644 634 641 649 658 666 681 669 680 686 693 699 707 714 722 730 717 728 734 741 749 756 762 777 767 776 785 801 787 775 782 790 797 812 799 793 780 787 796 801 808 815 820 825 830 821 811 818 828 817 809 817 822 837 826 817 809 803 791 797 810 800 793 811 794 801 792 782 767 770 776 781 786 795 788 780 784 775 779 777 768 775 765 760 754 750 764 767 759 753 746 743 737
428 425 438 429 424 427 433 445 437 442 448 454 457 465 469 462 468 460 475 468 473 480 500 486 492 498 503 510 529 521 526 532 541 560 552 561 574 567 585 574 587 599 607 614 619 626 634 640 650 641 648 654 669 675 689 675 688 698 706 716 722 730 736 744 725 735 743 749 755 762 769 783 773 783 793 807 793 783 790 796 803 818 806 814 785 792 803 811 818 824 831 847 837 829 816 824 836 823 814 823 830 843 833 821 815 809 798 805 819 806 799 802 798 791 785 776 771 775 779 786 791 799 791 786 795 780 789 781 773 778 771 766 756 752 756 760 763 756 751 746 738
433 429 432 437 426 430 446 450 439 446 452 460 465 469 474 466 472 462 464 480 483 488 491 498 503 509 522 513 516 524 531 539 553 545 557 575 565 571 575 583 595 589 597 602 610 618 626 631 637 646 656 669 659 664 670 682 701 691 698 706 713 721 728 736 743 749 756 762 770 777 783 789 781 790 800 814 801 790 798 804 810 824 813 800 793 798 809 816 823 832 837 861 845 835 824 831 853 827 819 829 838 851 841 832 823 814 802 809 813 825 806 812 802 796 791 786 778 781 786 789 797 802 815 797 789 783 797 785 777 788 783 768 765 757 759 764 766 761 752 750 741
436 432 434 432 428 436 438 440 453 458 462 466 472 475 478 475 468 464 468 472 476 481 485 488 494 499 502 507 513 518 524 527 533 539 547 551 558 562 566 571 577 582 586 591 599 606 613 621 627 632 640 645 652 659 664 670 675 681 689 695 701 707 714 722 729 737 743 751 757 763 770 778 787 798 806 822 809 797 804 812 819 830 821 809 800 807 817 825 831 839 846 851 865 841 830 837 843 835 827 836 845 857 845 837 830 820 809 814 823 817 811 818 808 800 796 791 782 785 790 796 800 817 807 802 794 786 790 793 786 780 775 770 774 762 765 768 771 766 761 754 742
441 437 440 434 431 447 453 443 445 449 452 472 464 469 473 484 478 470 473 479 485 491 499 491 498 506 519 511 516 525 543 530 538 547 555 576 562 568 576 584 597 587 592 600 608 614 621 627 634 641 648 656 663 669 675 689 680 687 695 702 710 716 722 729 736 745 753 759 765 772 778 785 794 806 814 828 817 804 812 819 827 838 828 815 808 814 823 832 838 846 852 866 856 848 835 842 849 841 831 843 850 866 851 844 836 828 814 821 828 821 815 825 813 804 811 796 806 788 808 799 803 809 825 816 808 790 792 805 793 787 781 772 768 764 771 780 764 758 752 747 743
445 440 444 441 435 440 442 445 448 467 454 457 460 465 468 471 489 472 479 484 489 494 511 498 501 516 522 516 522 528 534 540 544 552 562 566 570 575 580 589 602 594 600 608 616 622 628 633 639 646 655 664 672 678 685 695 685 693 703 710 716 722 730 736 744 752 760 768 775 783 791 797 803 813 822 835 825 812 819 826 834 845 834 821 813 821 828 838 844 854 860 872 879 864 840 849 855 846 839 849 854 858 869 859 852 843 819 828 845 829 822 829 825 807 817 802 797 792 796 805 812 818 810 805 799 792 795 798 804 798 790 774 780 770 780 772 766 762 758 752 747
446 444 449 443 438 443 447 451 454 459 469 461 463 480 470 475 481 476 484 488 492 499 503 515 506 509 513 521 529 534 539 543 561 568 578 570 578 583 589 597 607 600 607 616 623 629 636 641 647 654 661 669 677 686 694 700 692 701 710 717 723 731 738 744 750 758 768 776 784 791 797 803 809 819 830 842 833 818 827 835 842 853 842 829 821 827 835 845 851 860 867 889 863 854 845 856 862 852 845 854 861 866 858 849 841 833 826 832 836 841 832 823 817 812 828 808 802 796 803 820 824 831 820 811 804 796 800 807 794 788 783 779 783 775 784 777 772 767 762 756 749
451 445 452 447 443 447 450 453 456 462 473 463 467 472 476 482 489 482 488 492 496 503 507 522 512 517 522 526 535 540 544 547 551 559 563 578 584 588 594 604 614 608 616 620 631 636 643 648 653 659 668 674 683 694 702 707 697 708 718 724 730 737 745 753 760 768 774 784 792 800 806 814 820 827 838 862 848 824 833 841 850 860 850 836 828 834 842 853 858 865 873 879 870 861 852 861 869 862 853 858 866 872 865 855 848 841 833 840 845 851 837 829 822 816 820 815 809 800 806 811 815 821 824 816 809 800 806 802 796 807 789 784 790 779 790 783 776 769 763 760 753
452 449 462 450 444 456 465 458 461 465 468 484 469 475 479 486 493 485 504 496 499 509 513 528 518 522 526 533 538 543 551 556 563 569 575 594 600 592 601 608 624 614 621 629 638 645 651 657 664 669 675 680 691 701 708 715 702 715 724 732 740 748 754 762 769 777 783 792 800 806 813 822 830 838 844 852 839 830 840 848 858 867 856 845 836 842 847 860 868 873 880 887 878 869 859 868 878 870 860 864 874 883 874 865 855 848 841 845 851 856 846 838 829 822 827 820 815 804 811 818 823 826 833 821 814 805 816 809 804 799 795 788 793 785 795 785 779 773 765 763 757
463 452 455 460 447 449 455 463 467 472 487 476 472 480 486 490 498 487 493 502 505 514 521 538 521 527 530 537 544 548 564 575 567 574 580 584 588 598 607 616 629 618 628 634 646 654 660 666 672 678 685 693 701 708 716 722 707 729 736 743 751 758 765 772 779 787 795 801 808 815 822 829 837 846 853 861 845 836 847 855 866 874 863 853 843 851 858 867 875 881 889 896 883 875 864 875 885 876 864 871 881 889 880 873 863 856 846 850 858 862 850 841 833 826 833 824 819 810 826 840 831 836 843 833 826 808 810 815 809 801 797 793 799 791 800 792 787 781 767 772 759
457 453 460 453 449 451 459 468 474 477 479 481 476 484 488 495 504 492 500 506 513 519 528 531 524 531 537 541 549 553 556 560 579 586 590 596 602 607 615 624 640 632 637 641 652 661 669 674 681 687 693 701 707 716 724 731 713 719 727 733 739 745 752 759 767 774 780 787 795 803 811 819 826 832 840 848 854 844 853 863 873 881 871 861 850 858 866 874 880 889 897 905 889 882 869 890 898 883 870 879 888 894 888 880 868 863 851 856 862 868 857 846 839 831 840 828 822 814 817 822 825 829 832 826 818 811 817 823 819 812 804 799 801 813 794 786 782 775 771 764 760
458 454 455 460 453 459 463 473 478 484 488 492 482 487 493 500 508 495 511 515 518 526 531 534 530 534 541 548 553 557 561 564 569 576 581 585 590 598 606 611 618 622 628 636 642 650 658 666 671 676 684 692 699 705 710 715 722 729 735 741 749 757 764 772 778 784 792 800 806 812 819 826 833 840 848 856 862 851 860 869 879 888 878 867 855 875 883 890 898 905 911 916 906 896 874 881 887 902 877 883 893 901 893 884 875 868 858 866 872 882 862 850 844 835 855 835 828 835 820 828 839 832 840 833 825 816 821 831 824 817 810 803 809 805 797 790 794 785 779 765 762
461 457 462 465 456 467 469 479 487 479 483 485 488 490 496 504 513 497 504 508 514 519 522 529 536 542 546 559 562 566 573 567 574 584 589 603 594 602 611 617 625 632 636 642 647 658 664 672 677 685 691 697 706 714 722 730 744 734 741 749 757 763 770 778 785 792 800 808 816 823 830 837 843 850 856 864 872 857 867 875 887 894 884 873 860 865 872 879 885 892 897 902 895 886 879 887 899 892 883 891 901 906 899 888 883 876 863 873 881 875 868 854 848 842 846 838 831 842 825 834 845 838 843 838 832 821 826 833 827 822 814 809 811 809 802 792 789 795 773 766 764
462 459 465 460 457 461 463 467 471 475 477 481 484 487 491 493 496 499 521 512 518 523 527 536 541 545 549 552 556 561 565 572 582 591 598 607 598 607 617 623 631 640 646 654 662 668 674 680 686 691 696 703 713 722 730 737 751 741 749 755 765 771 779 787 795 801 809 815 824 832 840 848 855 863 870 876 888 865 873 881 893 901 891 880 867 872 879 884 890 898 904 912 903 896 887 893 906 897 888 896 908 914 906 899 890 883 868 897 887 895 884 862 855 848 853 841 848 835 829 839 855 843 861 853 844 826 832 835 841 825 819 815 807 801 795 788 784 780 774 777 769
465 460 461 462 460 466 469 475 480 485 479 486 498 490 496 500 512 501 507 523 537 528 535 541 544 549 554 561 575 566 572 579 587 599 605 615 603 612 624 628 638 661 651 659 669 677 684 689 697 713 703 711 720 727 737 743 763 748 754 760 771 777 786 795 801 807 817 823 831 840 846 855 861 870 876 888 880 871 881 888 900 909 898 885 874 880 885 891 896 903 911 919 910 902 893 899 913 903 895 903 914 921 911 904 895 903 874 878 895 880 874 866 862 852 865 844 855 841 835 845 848 857 849 840 835 831 838 849 832 827 825 819 811 806 797 806 790 784 776 773 770
468 464 467 472 462 471 477 479 486 492 484 496 501 493 500 503 505 522 510 515 522 542 547 562 553 560 565 570 579 573 576 583 592 618 609 621 611 619 629 635 642 647 659 663 675 685 693 701 707 718 708 718 727 734 742 748 755 770 760 766 778 786 792 802 809 816 825 833 839 847 853 863 871 879 886 895 887 879 887 894 908 924 915 891 880 887 892 898 903 910 919 925 915 907 900 907 921 909 903 911 921 928 918 911 902 887 880 885 907 892 883 877 870 865 856 851 869 848 841 852 859 866 854 843 837 833 850 842 835 840 829 822 815 811 803 798 792 798 779 776 772
474 468 472 475 467 483 487 481 495 501 487 489 495 500 513 505 510 514 519 523 527 533 536 541 547 552 556 562 569 578 583 588 599 605 614 629 616 627 635 642 650 656 664 668 683 692 698 706 714 726 713 726 733 741 748 756 762 776 765 772 795 802 809 815 821 831 837 843 850 857 865 873 880 888 894 902 893 885 895 902 928 914 905 898 887 892 900 908 915 923 929 935 925 917 908 914 929 917 910 917 926 935 925 919 906 896 887 892 897 901 896 886 878 870 863 856 860 854 848 862 868 873 859 848 840 835 841 845 839 845 840 833 817 823 812 807 800 787 781 784 773
479 473 477 481 471 475 478 485 488 490 499 493 506 511 517 508 512 518 523 528 533 536 543 549 564 555 562 565 576 582 589 595 605 612 622 638 623 634 643 648 656 660 671 679 691 697 706 711 719 733 719 748 738 747 754 761 769 782 772 778 785 791 798 806 814 821 828 834 842 849 857 863 870 876 882 890 903 893 901 910 918 924 911 903 893 898 906 915 921 928 935 940 930 922 913 922 935 925 918 925 934 939 946 932 910 903 891 899 907 911 902 892 885 874 869 862 868 860 851 854 857 861 868 855 847 840 845 850 842 836 830 826 821 813 806 800 793 789 783 778 775
483 477 479 485 476 480 486 488 490 494 504 496 499 502 505 523 515 521 533 539 546 559 550 555 567 560 569 574 581 588 594 602 609 620 626 630 638 646 653 658 665 673 681 688 695 701 711 719 733 747 727 733 745 753 760 768 776 793 780 786 793 800 807 813 821 829 837 844 850 857 865 871 879 886 892 906 914 901 907 918 924 930 919 909 901 909 917 924 932 939 947 960 936 927 918 930 939 933 922 933 956 946 933 923 915 907 899 904 911 918 905 898 892 880 872 868 875 867 854 861 865 870 877 866 849 844 847 854 847 840 843 833 825 817 809 802 799 791 785 794 780
488 481 483 495 481 485 491 500 494 499 507 500 505 518 511 513 521 523 525 531 534 538 542 549 556 566 575 578 594 608 599 605 615 626 632 639 646 654 660 665 673 685 690 695 702 708 718 734 724 737 744 750 756 762 768 775 781 786 802 794 802 810 818 825 833 840 846 852 860 868 876 884 891 899 906 898 906 912 918 925 933 938 927 915 907 916 922 930 937 946 957 950 943 934 925 938 949 939 930 937 941 951 937 931 920 912 906 912 918 928 910 901 895 890 882 875 879 871 861 868 875 881 864 859 854 860 849 857 850 845 836 827 833 819 822 816 809 792 803 787 782
498 492 485 488 484 487 499 505 500 506 509 504 507 509 515 520 535 525 531 533 539 542 547 555 563 572 578 581 586 590 593 598 605 613 620 628 633 641 645 660 667 675 682 688 693 698 704 708 716 727 734 739 747 755 762 767 775 780 788 801 808 821 811 818 825 832 839 845 851 857 864 872 880 886 899 889 897 903 911 916 921 932 948 921 912 921 929 938 946 954 972 961 951 941 932 945 954 944 937 944 950 955 944 936 928 917 911 916 928 920 914 905 898 895 886 878 882 874 867 873 880 884 875 866 859 871 853 846 842 835 831 823 819 815 811 806 801 794 796 791 783
500 494 489 498 485 490 493 496 505 509 513 509 511 515 519 523 527 530 534 536 544 548 553 560 566 584 593 584 591 597 609 601 627 618 627 634 641 647 658 650 655 666 672 678 683 687 692 701 707 718 723 730 737 744 751 756 763 770 778 786 793 798 804 811 818 824 829 837 842 865 849 857 865 873 890 880 888 894 899 906 915 923 938 928 920 929 936 946 954 960 965 973 958 948 939 955 965 952 942 950 954 959 949 942 936 924 916 924 936 926 917 910 905 898 892 885 890 880 874 878 886 897 889 869 862 864 870 863 855 838 843 825 830 821 817 809 805 796 809 800 787
503 498 491 492 490 491 499 504 507 512 515 512 514 518 525 528 533 537 540 545 550 556 562 566 570 576 581 589 594 612 616 604 610 613 620 626 630 636 640 644 648 656 660 664 672 678 686 693 700 708 716 722 727 733 741 749 755 760 767 774 779 786 792 797 805 813 820 825 830 835 841 848 855 862 867 872 878 884 892 899 907 913 920 936 926 936 942 951 959 967 975 988 964 955 943 947 955 963 946 954 962 970 964 954 946 929 922 931 943 932 923 913 908 901 896 888 897 887 880 886 893 887 880 871 867 860 856 851 847 840 835 831 837 831 823 819 811 798 803 793 788
504 501 496 503 493 497 510 519 513 519 524 517 530 523 528 533 548 540 546 549 554 561 565 570 573 581 584 595 599 603 607 611 616 621 626 631 636 642 650 656 670 660 668 676 682 689 693 701 709 717 722 727 734 739 747 754 761 768 773 779 786 793 801 806 813 818 826 831 839 846 851 858 865 870 877 899 884 892 899 904 912 918 928 941 932 941 949 957 964 972 986 979 970 963 950 958 962 956 950 959 977 962 954 946 939 933 928 937 956 946 939 930 922 904 899 895 902 891 884 893 897 890 885 878 872 862 867 856 851 847 841 835 826 820 813 809 802 799 810 796 791
516 509 497 498 497 500 503 506 509 513 529 519 521 528 542 535 538 545 550 552 556 572 584 575 578 591 597 600 609 616 623 630 620 627 630 635 642 650 655 662 676 667 676 680 687 694 701 708 716 721 729 734 741 746 755 761 768 776 781 787 793 799 807 815 821 828 834 841 847 854 859 864 870 877 882 889 896 903 910 917 924 930 936 947 940 947 957 965 973 978 1001 991 983 975 955 963 975 967 957 963 967 980 960 953 947 940 934 954 941 932 924 918 913 907 912 901 905 898 890 896 900 894 888 893 883 866 871 867 860 856 849 842 837 831 816 813 804 809 803 798 795
508 502 498 505 499 508 510 517 511 515 517 522 526 530 532 540 542 556 566 558 561 564 569 590 581 584 588 595 601 605 611 615 627 632 636 640 658 665 659 668 684 674 682 689 696 703 711 719 737 726 737 742 750 757 764 770 775 782 787 795 802 808 816 822 828 836 842 863 854 861 866 873 878 884 889 894 902 911 917 925 930 936 942 952 945 953 965 971 979 985 991 983 974 967 961 969 983 971 964 969 982 972 966 957 952 945 938 945 955 935 928 921 918 910 919 907 913 904 895 901 907 901 892 884 876 870 863 857 852 844 840 834 828 823 819 816 808 813 804 803 796
518 511 499 508 500 501 505 510 517 522 533 525 529 534 538 542 547 549 554 563 565 572 577 596 585 590 594 599 607 610 617 630 633 641 650 643 648 654 665 673 688 679 686 695 700 709 719 723 727 742 749 756 764 770 777 793 783 789 796 807 814 821 837 827 836 842 858 848 862 869 874 879 887 894 900 908 916 923 942 932 938 943 951 964 956 964 970 976 985 991 1001 993 983 974 967 977 990 978 969 976 988 980 972 979 964 954 945 957 948 939 931 927 922 916 926 911 919 911 898 905 913 905 899 893 879 874 867 860 856 849 854 840 836 829 822 819 813 815 810 805 800
511 505 500 503 515 505 509 513 525 532 526 536 540 542 547 552 562 555 561 569 573 578 591 583 588 594 600 606 614 621 628 621 625 635 641 647 652 662 675 667 674 685 694 702 709 721 711 718 742 732 738 745 753 759 765 770 775 780 785 797 802 809 815 820 825 830 836 841 847 853 860 866 878 883 888 900 907 914 929 920 928 935 941 956 947 953 963 968 975 982 990 997 1005 984 974 985 1003 992 973 982 1004 995 976 987 971 960 949 962 951 943 935 942 931 923 939 917 924 916 905 919 906 897 889 885 881 886 877 869 861 854 846 842 839 831 828 822 815 827 818 812 805
513 508 505 507 508 506 521 514 517 520 522 528 531 536 540 545 547 551 556 560 564 566 569 576 581 587 594 598 603 609 613 616 620 626 631 637 643 649 655 660 668 672 679 686 694 700 704 712 719 726 732 736 743 751 756 761 767 773 780 787 794 799 805 812 817 823 828 833 838 845 853 860 868 874 882 890 895 900 906 912 918 924 929 934 939 947 954 961 966 972 977 984 990 1000 981 1001 993 983 977 989 995 986 980 991 982 973 952 968 957 949 940 946 937 927 930 924 935 927 909 912 917 909 902 888 883 897 883 873 864 860 854 849 844 839 834 825 818 821 824 818 807
517 514 510 513 518 508 512 517 519 523 528 534 540 546 555 547 553 557 560 563 568 570 574 583 588 593 600 604 610 616 619 624 629 634 641 655 646 660 668 674 685 678 686 693 702 706 712 718 723 730 737 742 749 759 764 771 777 785 791 798 815 805 811 818 823 830 836 843 851 857 865 872 880 887 895 900 907 924 914 920 925 931 939 952 944 952 960 969 977 994 984 989 998 991 985 989 999 993 983 1006 1012 1000 990 981 974 965 956 959 962 956 945 957 949 931 945 934 925 920 914 920 907 901 894 890 896 890 885 879 873 866 859 855 850 842 839 834 820 830 819 812 808
520 515 511 516 527 513 515 520 522 528 532 540 544 555 558 552 557 563 566 577 570 572 587 592 595 605 618 609 616 619 626 631 634 641 647 665 649 653 660 666 673 683 690 697 707 712 719 727 735 750 741 747 754 780 770 777 782 790 799 805 823 810 818 825 830 837 845 850 858 863 870 880 887 895 903 910 917 931 922 929 936 942 949 958 951 957 965 975 985 999 988 994 1002 995 989 994 1007 997 991 996 1002 1009 998 988 981 971 962 966 971 961 949 964 941 934 938 944 935 926 921 932 913 907 896 893 889 881 875 868 862 855 850 845 840 836 830 827 823 824 821 815 812
524 520 515 525 520 515 520 525 529 535 538 542 546 548 553 556 561 565 576 583 589 575 579 586 591 598 604 623 626 633 637 643 649 664 655 658 653 660 666 674 679 689 697 701 714 721 726 734 741 761 745 755 760 764 776 784 791 799 805 811 830 817 823 830 836 845 852 858 864 872 879 886 892 901 911 917 923 937 927 934 942 950 958 969 956 961 978 989 996 1003 996 1006 1011 1003 995 1002 1023 1004 996 1004 1009 1013 1004 997 991 983 966 969 977 964 958 952 947 940 947 962 941 930 934 925 918 911 904 897 901 883 878 874 866 857 853 849 854 845 841 829 825 836 822 819 813
531 527 516 518 524 519 523 529 531 539 542 545 548 554 557 563 579 567 569 574 577 583 589 595 599 603 608 614 618 623 627 630 635 641 648 652 660 663 680 684 691 698 702 706 721 729 733 738 747 751 759 764 768 776 781 790 795 808 822 815 821 828 833 838 843 851 863 869 880 893 885 891 898 906 917 924 932 950 940 947 953 962 950 959 974 965 969 981 990 996 1010 999 1004 1008 1000 1008 1013 1026 1004 1012 1023 1003 996 989 981 975 970 974 987 969 963 957 952 944 962 953 944 936 950 929 924 915 910 901 892 885 882 887 869 861 856 852 846 838 834 831 827 829 827 821 817
526 520 517 519 527 522 528 533 536 543 547 563 552 557 562 569 572 580 572 578 583 586 593 600 603 607 611 625 628 632 638 642 648 652 657 662 665 668 671 676 683 690 695 700 708 715 721 733 738 747 765 770 778 784 802 782 790 800 809 822 827 835 840 845 852 866 855 860 870 875 893 900 889 896 904 911 918 925 931 939 946 953 943 951 959 972 982 974 983 988 1002 991 998 1015 1007 1015 1022 1016 1008 1029 1016 1010 1001 995 984 981 974 991 979 973 969 961 956 948 954 959 954 947 941 934 927 920 912 918 907 900 892 878 872 866 858 856 849 854 841 835 840 830 828 824 820
527 525 518 522 531 525 537 541 545 556 549 555 560 566 572 578 591 583 574 584 593 598 602 606 612 623 614 617 620 623 628 633 639 643 647 651 656 659 663 669 675 681 686 693 701 707 715 723 751 741 751 761 767 771 792 775 783 790 802 807 815 822 829 836 843 856 847 852 861 869 877 887 879 887 894 899 905 911 917 921 933 943 936 940 944 955 963 968 976 982 992 985 992 1004 1011 1021 1031 1022 1012 1020 1031 1024 1014 1008 987 998 978 982 986 981 975 968 963 955 961 953 947 938 933 927 921 915 907 900 894 889 884 880 877 870 864 859 854 847 844 837 843 838 832 825 822
532 526 522 533 537 526 530 534 537 541 544 550 552 556 559 569 572 575 581 593 586 589 595 600 602 612 617 623 628 643 635 638 642 648 653 657 662 674 668 679 683 690 696 701 710 715 723 742 729 734 745 752 758 763 782 769 777 784 795 799 804 811 818 825 833 844 837 845 853 861 868 879 870 879 883 891 898 904 910 916 923 936 926 933 940 947 952 956 963 974 986 976 985 994 998 1008 1023 1014 1037 1027 1016 1010 1004 999 994 989 982 985 994 989 981 975 968 962 965 962 954 947 940 936 929 925 910 904 896 891 888 884 893 886 879 872 865 850 845 842 844 842 837 831 827
536 529 524 526 532 527 540 543 553 546 550 553 558 563 571 563 565 568 572 575 578 584 586 591 596 604 609 614 619 633 624 630 636 641 644 650 656 663 679 671 674 681 687 695 702 708 715 732 722 727 737 743 751 758 773 763 771 775 787 793 811 797 805 811 819 826 831 837 842 846 852 859 864 871 877 882 888 895 902 924 908 915 920 924 928 939 946 950 957 964 979 970 979 987 992 999 1003 1008 1021 1013 1026 1020 1010 1003 998 993 986 991 1002 997 989 984 977 969 958 951 945 938 934 929 923 918 912 908 904 897 903 890 881 873 869 863 858 854 847 844 848 843 841 838 832
544 537 525 529 535 531 533 537 538 541 545 546 549 551 553 559 563 565 567 569 574 577 580 585 591 597 602 607 611 615 618 623 630 636 639 643 649 655 660 665 671 675 678 684 690 698 702 708 716 722 728 735 741 747 751 757 765 770 777 781 787 791 796 800 806 812 820 825 832 837 844 852 857 862 866 874 879 884 889 895 901 906 913 918 923 931 935 941 946 953 960 964 971 977 984 990 995 999 1003 1006 1010 1013 1020 1011 1004 998 993 998 1006 1013 999 991 982 973 964 957 950 944 939 934 940 929 922 914 908 900 908 895 886 877 871 865 860 856 851 847 859 852 846 842 835
536 531 528 534 538 534 537 539 542 546 552 547 554 569 555 568 578 571 581 573 580 598 583 594 599 605 609 612 618 621 628 634 640 646 650 654 669 660 664 672 677 682 692 705 697 706 711 730 720 726 734 742 755 763 768 774 781 791 784 802 794 799 812 804 813 820 828 832 838 846 854 859 864 868 872 881 885 893 901 918 908 914 922 929 935 941 954 946 953 958 965 973 980 986 994 998 1015 1005 1009 1015 1024 1017 1027 1018 1011 1004 998 1002 1011 1021 1005 996 987 980 967 964 954 948 942 937 943 937 928 916 911 906 902 908 896 888 881 868 873 865 854 850 851 861 850 847 837
537 541 532 541 545 539 547 540 544 555 559 552 559 561 558 561 567 580 584 579 584 590 585 588 591 596 602 605 608 614 619 624 631 635 641 645 648 655 659 663 670 676 683 687 692 695 702 718 726 734 741 755 745 749 756 762 770 774 778 789 800 808 827 817 824 830 838 842 846 851 862 866 870 886 876 887 891 900 907 926 914 925 931 937 944 950 969 959 963 970 977 982 989 999 1003 1013 1023 1010 1016 1023 1031 1021 1032 1024 1015 1011 1003 1009 1026 1015 1008 1002 990 987 977 970 958 968 951 943 937 929 922 914 906 901 894 888 884 880 874 871 865 859 856 851 852 855 858 854 841
540 537 534 535 540 541 551 544 546 549 550 555 574 567 563 568 570 572 595 587 591 593 588 592 595 601 606 611 614 620 625 630 637 641 648 653 667 658 662 669 676 679 696 690 697 701 705 708 714 721 726 732 737 743 749 753 761 767 774 779 786 793 801 808 815 822 827 832 839 843 849 854 858 863 868 875 883 889 897 902 908 916 922 929 935 940 945 950 956 963 970 974 982 989 996 1003 1009 1027 1019 1031 1024 1027 1039 1033 1025 1018 1010 1014 1019 1025 1012 1008 1000 992 983 973 966 960 953 948 942 932 924 919 908 905 899 892 886 882 879 874 866 862 859 855 862 857 852 848 842
549 543 537 548 541 550 556 545 558 551 553 557 562 571 565 572 582 574 577 580 585 587 593 596 598 606 612 615 617 626 633 636 643 650 656 662 677 662 666 680 687 682 686 695 701 707 713 728 718 728 736 743 750 766 756 761 768 774 778 783 790 798 808 816 824 831 837 845 860 850 857 864 875 867 873 882 887 895 905 909 916 923 931 936 943 948 954 960 965 973 979 987 991 1003 1009 1012 1021 1012 1024 1016 1019 1024 1031 1041 1034 1025 1016 1021 1010 1015 1007 999 992 984 977 983 972 965 955 958 951 944 936 922 916 910 905 897 888 891 883 888 870 875 864 858 868 862 854 850 846
550 549 538 540 543 544 545 548 549 562 554 566 571 573 567 582 587 578 584 589 598 591 596 601 607 611 615 618 624 628 643 654 647 656 663 667 670 676 669 673 678 688 692 699 704 713 717 720 724 733 741 751 759 771 762 766 772 781 788 796 802 807 814 821 829 836 842 851 866 857 865 872 883 872 879 886 892 900 909 915 921 930 935 942 947 956 960 964 969 977 985 991 982 995 1000 1004 1013 1005 1008 1011 1026 1013 1019 1024 1040 1032 1023 1013 1005 1000 994 988 982 976 972 967 959 955 951 945 938 932 928 924 918 913 908 900 892 885 880 877 873 880 867 860 861 869 857 861 850
547 543 539 544 548 555 548 549 551 555 557 559 560 565 572 575 578 582 586 595 604 596 602 607 610 613 618 621 628 633 636 639 642 648 654 657 664 667 673 677 683 695 698 702 709 718 724 743 730 738 746 763 773 778 767 771 780 789 793 806 819 811 829 835 839 847 854 866 856 862 873 879 898 889 896 900 908 915 901 907 914 918 930 950 937 942 951 957 963 971 979 985 976 987 991 995 1008 1000 1015 1024 1015 1006 1012 1018 1029 1021 1015 1018 1010 1003 999 993 985 991 978 973 963 959 954 950 945 938 934 927 924 918 910 907 901 895 889 882 878 883 876 870 863 864 862 855 851
550 546 540 558 552 557 552 557 552 562 567 570 564 570 577 588 580 588 599 603 610 602 606 609 614 617 621 623 634 637 642 648 663 651 660 666 671 689 680 686 691 701 708 712 715 722 728 734 740 747 751 755 766 761 775 781 788 797 808 800 804 815 820 825 829 837 845 856 846 854 862 866 873 879 886 890 898 908 894 900 904 912 920 925 931 936 944 950 956 963 966 979 970 978 986 999 990 994 1001 1006 1010 1001 1007 1013 1023 1015 1008 1013 1020 1015 1006 996 989 996 989 981 974 967 962 956 949 944 949 942 936 931 925 919 911 905 890 886 881 885 890 878 864 865 872 858 853
552 548 544 547 548 551 557 560 553 556 557 562 579 572 582 593 583 600 592 598 600 607 623 615 617 622 626 629 645 649 658 652 654 659 664 671 683 674 685 693 702 694 698 704 711 716 719 726 732 736 740 749 758 753 760 766 774 778 786 792 798 806 812 818 825 843 829 835 839 847 851 857 862 870 876 880 886 902 888 893 900 904 910 917 923 930 938 942 946 955 958 972 962 972 979 1006 984 987 993 999 1003 994 1001 1007 1013 1022 1000 1003 1007 1001 1012 1001 995 1006 998 994 977 971 964 959 954 949 938 930 926 919 914 907 904 898 895 889 883 888 879 872 866 867 866 860 856
552 564 555 548 552 556 559 570 557 562 576 566 567 569 570 575 580 583 586 590 596 598 611 618 623 629 635 645 637 641 646 657 648 651 657 662 666 669 676 682 696 687 693 698 703 708 715 721 724 728 731 741 752 745 752 755 768 773 780 785 790 797 804 811 818 831 822 828 846 835 841 848 852 860 867 874 878 892 882 888 893 911 899 904 913 918 921 934 941 948 954 965 956 966 970 992 975 980 983 987 994 986 990 993 999 1006 993 996 999 992 998 1007 1000 988 990 986 981 976 966 968 964 954 942 932 928 925 918 913 908 901 896 893 886 891 883 873 871 879 872 867 860
555 557 560 553 556 558 568 563 560 564 569 580 572 580 573 590 583 585 591 597 601 609 603 612 614 620 623 627 632 637 640 650 643 647 649 656 659 665 683 671 676 680 684 687 694 699 703 711 720 724 727 734 746 738 742 752 759 764 767 774 778 785 791 799 805 811 816 822 833 826 833 841 846 852 856 862 868 883 874 879 882 888 891 899 906 913 917 926 930 937 941 946 949 959 977 983 966 973 978 991 978 981 986 1000 992 998 987 990 992 987 989 995 989 984 988 992 987 982 969 961 957 962 950 942 933 928 921 914 913 906 910 902 889 895 887 875 880 885 876 868 864
559 569 563 558 569 560 561 568 562 568 571 573 576 583 576 579 580 581 585 588 590 593 599 605 610 614 616 619 625 630 632 634 637 643 647 649 652 655 658 664 671 674 678 682 685 692 699 704 711 717 720 723 726 732 736 743 749 754 761 764 770 776 783 789 795 802 807 810 815 819 826 831 838 845 850 856 859 862 865 871 876 883 887 892 899 905 911 918 925 928 933 936 941 953 965 971 959 965 968 982 973 988 977 984 987 983 978 983 987 980 984 990 996 979 994 982 976 971 965 957 951 943 939 935 927 921 915 912 905 902 898 895 892 886 879 876 887 892 879 871 867
559 562 571 560 562 565 569 578 565 578 583 577 580 587 578 582 588 583 587 594 602 595 605 611 613 619 629 622 630 633 646 638 642 647 653 665 657 664 685 670 674 681 696 687 690 699 704 709 715 722 738 726 732 736 742 748 756 760 765 770 774 781 789 793 802 805 812 815 819 823 831 834 842 848 853 863 877 868 875 880 886 891 895 898 902 909 914 924 932 946 937 948 959 944 956 963 953 960 972 961 964 980 972 978 983 987 973 976 982 974 976 996 983 975 977 989 978 974 970 960 956 948 941 938 930 923 917 920 909 906 910 899 895 890 883 877 880 881 886 873 870
561 564 565 564 576 568 577 572 567 571 572 574 575 576 585 586 593 587 592 599 610 601 611 623 616 632 635 625 638 644 652 642 646 649 658 669 659 673 676 683 695 687 701 692 699 704 709 713 719 726 729 736 742 759 747 752 761 764 772 788 780 790 797 804 811 815 828 820 834 827 835 838 849 855 858 877 868 871 879 885 893 900 915 906 912 923 929 932 947 938 950 940 951 939 949 954 944 949 964 953 960 970 963 969 974 978 968 972 978 969 972 981 972 967 975 983 974 983 976 969 963 956 951 944 933 928 920 914 910 914 903 900 899 892 888 893 881 884 880 876 870
563 567 569 575 569 574 582 575 568 574 581 576 586 577 578 582 587 596 598 600 602 606 623 615 620 624 641 628 630 633 642 647 650 653 668 677 661 666 671 673 678 681 688 704 708 715 724 717 729 733 737 742 745 751 756 764 770 775 785 777 792 784 787 797 802 808 815 832 823 832 841 850 841 846 849 853 860 864 869 875 883 887 896 900 903 915 920 925 938 930 944 932 942 934 940 943 939 944 956 947 952 964 956 960 965 967 964 967 972 961 966 975 967 960 968 977 970 973 978 975 969 961 944 939 934 932 925 917 912 908 905 908 903 897 890 887 883 887 891 883 872
564 564 564 564 565 566 567 569 574 577 584 580 581 592 580 586 589 590 594 596 598 601 603 607 612 614 618 623 628 630 636 642 656 668 660 669 674 678 685 678 684 691 702 695 703 709 713 729 720 723 730 734 739 743 746 757 762 767 780 771 775 779 784 788 792 802 805 812 817 820 827 840 832 839 856 859 867 859 863 867 876 882 888 893 900 906 913 918 921 924 938 927 936 928 934 949 931 938 948 938 941 958 950 966 955 964 957 962 967 957 972 981 962 953 961 963 965 967 972 963 954 950 945 944 938 935 928 925 920 915 908 916 911 907 903 896 885 883 879 877 874
567 564 564 570 574 567 569 574 579 582 591 582 583 585 583 596 591 594 599 609 602 604 609 611 617 622 628 646 631 633 642 644 647 653 655 661 664 669 671 673 678 680 686 690 696 699 704 707 711 718 722 725 732 738 742 748 751 756 759 765 769 774 778 783 787 794 800 804 809 812 817 821 826 831 846 851 860 853 857 863 868 871 875 885 892 897 901 908 913 919 930 922 929 919 926 937 924 927 939 931 933 943 946 956 948 950 952 954 960 950 960 969 954 949 954 957 960 973 965 958 961 955 946 951 941 938 931 928 924 918 912 909 905 899 894 889 886 890 879 884 874
572 564 564 564 565 575 579 589 581 585 586 600 588 590 587 588 595 599 609 614 605 609 611 615 620 625 635 638 634 640 646 651 665 655 657 668 679 672 681 676 680 683 694 698 701 705 708 713 719 734 728 731 747 756 748 766 754 759 763 771 786 780 786 795 802 807 814 821 827 834 841 825 843 834 837 840 844 847 851 854 860 864 870 876 883 888 891 896 902 907 913 917 921 912 917 928 919 933 923 925 927 937 939 945 941 944 947 949 954 944 953 963 948 941 946 952 966 955 960 952 956 951 948 946 942 946 938 933 925 923 919 913 908 904 896 890 895 883 879 879 878
568 566 570 565 569 569 571 582 587 590 587 593 600 594 589 593 598 601 602 607 610 612 616 621 624 627 629 631 637 650 654 666 658 666 659 661 664 667 673 683 686 696 688 703 695 699 702 705 712 723 735 745 738 741 754 757 763 778 769 783 775 788 780 789 792 799 803 808 813 818 822 828 831 838 842 845 848 851 854 858 866 877 881 888 900 893 898 902 909 915 933 924 911 906 912 923 914 916 918 929 939 931 945 950 936 939 942 953 946 938 946 955 944 934 939 942 947 950 956 945 950 953 946 951 944 948 952 944 935 927 920 915 910 914 906 900 890 886 890 882 879
568 566 574 568 574 570 572 575 578 586 595 589 591 602 595 600 602 607 599 603 607 608 613 615 618 623 635 646 639 643 645 648 651 654 656 667 671 685 675 677 679 682 684 689 691 694 697 701 707 714 719 725 732 736 743 749 752 757 760 763 766 769 774 781 785 789 793 798 805 811 816 822 826 829 833 837 841 858 862 866 877 869 873 879 892 899 906 912 915 907 919 909 903 898 902 904 909 911 915 921 934 926 937 941 930 935 937 949 939 932 941 947 936 930 945 934 943 954 946 938 939 949 942 946 947 945 941 937 929 922 917 922 904 900 896 893 891 889 895 891 882
570 567 567 569 570 572 575 575 579 581 582 585 587 590 591 593 594 595 596 597 600 604 609 610 614 619 623 634 645 650 663 655 657 662 665 670 673 677 680 689 684 686 688 694 703 697 700 707 712 720 726 732 737 740 747 756 760 765 780 769 785 772 777 786 789 792 797 805 809 823 829 833 840 833 848 840 844 847 852 855 859 863 866 873 884 888 891 897 910 901 910 900 893 889 892 900 905 908 910 912 918 921 930 935 922 927 933 943 932 926 935 930 932 925 938 930 935 937 942 933 938 942 935 938 945 939 935 930 924 918 913 910 906 914 901 895 893 897 891 886 882
570 568 570 582 571 574 578 575 575 577 580 582 583 586 587 591 593 606 598 600 605 609 611 616 620 621 625 627 637 643 647 650 653 668 658 660 666 672 676 681 688 691 693 701 707 699 704 710 717 724 731 737 741 744 754 760 764 769 772 787 778 788 780 792 796 802 819 810 824 815 819 823 830 843 835 847 837 844 856 859 874 867 875 868 875 880 883 886 890 894 903 895 887 883 887 893 897 902 905 917 922 926 922 924 914 919 925 936 928 921 928 923 927 919 923 926 928 933 934 930 941 933 929 934 936 947 940 935 929 924 919 913 910 907 904 908 896 899 894 890 885
573 569 571 576 579 588 582 579 575 579 583 596 584 589 592 600 594 599 610 603 607 612 614 619 622 625 633 628 630 633 639 642 645 650 654 657 660 666 669 675 680 685 690 694 697 708 713 718 721 734 726 728 733 736 746 748 755 763 777 766 770 795 775 781 789 796 803 816 807 810 815 818 823 834 827 836 829 837 848 854 861 879 870 862 866 873 876 882 885 887 893 881 892 878 882 887 891 898 916 909 914 920 914 918 908 911 921 925 921 914 921 916 922 915 917 919 923 927 939 927 937 928 925 930 932 930 932 929 932 927 920 917 912 915 911 900 896 903 896 893 887
577 581 571 572 573 575 586 580 578 580 587 589 596 590 598 605 598 600 601 606 610 616 621 632 625 626 627 632 636 639 655 648 662 654 657 661 666 671 676 679 684 688 695 707 700 702 705 708 713 718 720 722 727 733 739 754 764 756 758 760 777 781 770 774 784 788 791 798 802 807 820 824 817 827 819 830 822 832 841 845 849 856 865 855 859 864 868 874 877 893 881 876 882 871 876 881 887 892 899 905 910 912 906 911 903 908 914 919 914 909 927 911 914 910 928 921 925 935 931 923 931 924 920 924 926 924 936 925 926 928 932 924 914 910 905 901 903 898 894 890 888
579 576 572 574 581 575 577 592 586 580 581 585 586 587 592 595 607 601 605 610 619 622 624 625 636 629 633 641 645 650 642 659 652 670 662 668 671 681 684 689 692 697 705 699 706 708 713 726 718 724 726 735 729 738 748 742 748 752 755 771 763 772 763 769 776 778 783 790 795 802 809 817 812 820 813 823 816 823 832 838 841 846 857 849 855 858 860 866 872 885 874 869 874 867 870 874 876 888 893 899 905 909 899 904 898 902 904 910 919 904 915 907 909 906 911 916 920 929 924 917 922 929 913 918 922 917 930 920 937 930 925 918 916 911 909 903 901 898 901 895 890
582 578 576 581 591 579 583 583 589 580 585 586 587 600 593 599 601 603 608 612 613 617 621 622 626 631 643 636 639 644 639 643 648 656 671 660 664 674 676 678 685 690 699 693 699 703 707 712 714 716 722 726 739 732 735 738 742 746 748 751 756 766 759 764 770 774 776 784 790 796 800 811 804 814 805 807 809 817 825 830 835 837 840 845 848 851 857 859 866 877 870 865 869 863 866 870 873 881 885 889 894 897 891 895 890 896 898 903 905 898 904 899 914 903 906 909 912 922 917 912 915 917 910 920 912 914 923 916 921 926 918 926 921 916 912 916 904 898 897 895 893
583 579 576 576 585 592 586 590 585 583 589 593 588 590 591 593 598 600 601 606 610 612 614 630 623 628 630 632 634 641 635 639 641 650 663 655 657 668 673 688 680 684 686 689 691 694 699 702 708 713 716 719 721 724 727 733 736 740 742 745 747 749 753 757 762 768 774 779 783 790 795 805 796 806 798 801 807 812 817 823 829 834 836 839 841 844 850 854 860 863 865 860 863 856 859 863 868 876 879 881 883 889 883 889 882 885 894 899 902 893 895 896 894 896 900 901 906 915 909 906 910 913 906 915 908 910 918 911 915 920 916 919 925 929 919 909 907 902 899 895 894
583 582 590 577 579 579 582 586 592 587 595 598 589 598 592 603 613 606 614 607 615 620 615 617 620 622 624 626 629 631 632 634 639 644 645 650 654 660 665 670 676 689 693 698 704 710 716 724 716 722 728 721 725 728 731 736 740 754 746 748 753 766 758 760 764 776 778 782 789 785 788 798 790 801 794 798 801 804 813 817 822 825 834 844 836 838 844 847 851 857 860 852 857 850 852 855 864 871 874 876 880 885 879 883 876 880 886 892 896 886 892 901 888 893 896 899 902 907 914 899 900 903 900 909 903 904 908 905 909 916 911 914 916 916 913 916 908 905 901 905 897
587 583 584 581 583 580 586 590 595 589 589 591 598 599 594 596 600 602 604 605 610 613 620 625 630 639 625 635 640 633 635 636 644 646 649 654 658 662 670 678 684 679 681 686 692 698 703 708 710 716 721 724 728 734 743 738 743 745 754 761 756 772 762 768 774 769 771 775 784 778 784 791 786 788 790 792 798 801 805 811 815 819 826 839 831 844 847 844 847 863 852 848 850 845 855 864 856 866 870 873 876 879 872 879 869 875 877 878 885 879 888 882 885 886 889 893 894 898 905 894 896 897 896 904 896 901 905 898 902 905 905 906 911 915 908 912 908 915 903 908 900
595 590 585 582 587 584 599 593 599 591 595 591 593 597 602 597 605 608 615 609 614 619 615 619 622 633 626 629 633 644 639 642 646 647 658 665 659 667 676 671 677 672 677 680 686 690 694 700 705 709 711 716 733 726 737 741 747 754 748 750 752 758 766 760 765 761 766 768 771 773 775 780 782 786 795 801 805 810 816 821 827 815 820 823 827 833 844 837 840 843 847 842 856 839 848 858 851 859 862 870 880 871 867 873 862 870 873 882 873 875 883 877 882 885 893 887 890 893 899 891 908 901 892 897 891 896 901 895 911 905 904 912 907 907 906 906 916 909 906 912 903
604 593 586 584 598 588 589 589 592 593 598 606 594 603 606 598 598 602 604 606 607 610 611 615 617 621 623 632 641 635 636 649 643 658 651 655 657 660 662 663 673 666 671 677 680 683 686 691 696 699 705 711 720 722 730 736 753 741 744 748 750 753 761 755 771 756 759 764 766 785 777 795 787 796 789 791 794 798 802 807 809 811 815 829 835 823 828 832 834 840 843 837 843 835 841 844 847 852 854 864 868 875 862 867 856 864 866 872 866 871 875 871 874 877 881 882 885 890 895 888 893 887 889 891 887 891 896 892 897 902 898 902 904 906 904 906 910 915 910 915 906
598 596 588 584 592 602 589 590 595 606 600 600 598 598 599 601 605 608 615 609 611 613 623 616 620 623 624 625 626 629 632 637 638 639 644 649 654 657 658 659 660 662 665 668 674 678 682 685 690 693 698 701 714 720 724 728 732 735 739 743 748 758 752 747 764 751 753 758 763 768 773 785 777 780 784 804 796 804 807 813 821 814 823 816 823 817 821 825 840 844 836 829 836 830 834 837 842 844 852 858 863 868 859 852 853 857 861 866 862 863 867 868 870 872 878 880 888 895 890 885 887 884 894 888 883 883 887 890 893 906 894 898 899 903 899 901 904 905 912 906 910
605 598 591 585 586 596 590 593 599 595 604 598 600 602 612 605 607 613 619 612 621 616 626 619 621 633 628 635 630 632 637 638 640 645 647 655 665 658 663 667 671 663 669 670 689 682 685 689 692 697 711 703 706 710 715 718 723 727 733 735 739 744 746 741 756 744 751 764 755 759 763 765 770 773 780 786 791 797 799 802 805 819 808 812 818 812 817 837 829 837 826 821 830 822 828 833 835 841 846 851 854 858 851 847 849 861 862 871 859 866 875 866 875 880 873 888 881 883 893 882 891 879 880 885 881 888 881 883 890 898 890 893 900 894 895 898 899 903 910 904 907
600 592 587 585 587 587 589 590 591 593 596 596 603 612 606 610 613 608 611 619 614 622 617 626 622 625 633 637 631 641 643 640 650 653 649 650 652 656 659 660 665 669 671 676 678 686 690 693 698 706 702 706 709 714 717 711 716 721 724 741 731 733 743 737 748 740 746 757 750 753 758 763 765 768 775 780 782 791 794 796 798 809 801 804 824 808 810 819 822 832 821 816 826 816 821 823 832 837 838 844 846 852 848 844 845 853 861 854 855 860 868 862 864 866 870 875 877 881 886 876 883 876 877 877 877 884 878 890 884 894 885 888 897 891 892 895 898 907 900 898 899
595 592 591 588 592 596 589 593 598 594 604 597 597 598 600 600 604 605 605 606 608 612 614 621 623 628 638 632 639 634 637 650 643 647 660 653 658 659 662 666 670 671 675 677 682 691 692 690 693 699 695 701 703 720 708 703 708 711 721 727 723 729 736 729 731 734 737 743 746 758 763 765 768 777 770 774 780 783 786 790 796 803 796 800 816 804 806 812 815 824 816 812 818 812 817 820 825 829 834 839 851 856 845 839 844 846 850 851 852 855 863 858 869 873 878 868 871 874 879 869 870 873 879 887 881 875 875 881 881 888 882 882 885 889 894 889 890 897 898 894 897
596 599 593 588 596 598 593 593 594 604 599 597 603 599 608 601 607 611 606 607 614 621 616 616 621 623 625 626 629 631 632 634 638 641 646 650 653 657 666 670 674 666 671 684 678 680 691 684 685 704 688 696 701 696 703 698 704 708 713 723 716 722 731 723 728 740 743 749 751 748 754 760 773 762 764 766 771 775 780 782 787 798 791 795 808 799 802 808 812 814 811 806 814 808 822 816 820 824 829 832 840 843 838 834 840 850 855 860 853 864 858 855 863 867 872 861 866 871 864 865 873 878 874 878 871 871 873 876 884 878 879 881 882 886 891 887 889 892 896 888 889
604 599 597 590 599 603 593 598 594 595 596 596 599 601 602 606 610 614 611 607 609 611 613 615 617 620 630 634 630 633 645 638 643 646 651 659 650 666 659 660 661 663 665 673 675 683 677 681 690 695 684 689 694 689 692 694 699 701 704 716 708 713 725 717 722 729 733 736 747 740 748 750 765 757 762 770 777 771 774 787 776 781 784 790 800 792 796 801 805 807 816 802 808 803 811 813 816 817 824 827 835 838 834 831 836 844 849 853 855 848 863 852 857 861 866 854 860 865 861 862 866 870 870 868 869 871 876 879 874 874 876 876 884 879 883 884 886 886 886 886 887
598 596 593 590 592 594 599 606 595 596 598 605 600 607 602 616 610 618 613 610 619 613 615 615 622 628 622 627 634 641 635 643 646 648 643 653 646 655 656 659 669 661 663 668 670 676 671 674 676 680 681 684 685 686 687 690 694 695 698 699 700 702 708 711 717 723 726 742 731 734 741 745 756 749 753 763 768 763 767 778 771 776 777 779 783 786 790 793 798 803 807 797 799 800 805 808 812 816 819 820 829 834 836 828 829 839 843 847 851 843 853 846 849 854 859 851 855 856 857 860 862 863 874 865 866 867 869 871 871 873 879 876 877 877 879 887 894 889 890 886 889
598 598 594 591 599 594 595 600 595 602 603 607 600 600 606 609 609 612 617 613 623 615 623 617 617 617 618 619 622 628 629 634 638 643 637 638 640 648 653 656 663 654 658 661 664 667 668 670 673 685 693 686 693 687 689 691 703 696 700 701 712 706 710 714 723 725 730 724 727 730 735 740 743 745 747 757 762 755 760 771 764 769 773 774 777 780 785 787 790 794 802 792 797 804 809 804 807 808 811 816 823 827 830 825 840 833 835 841 846 840 841 842 843 844 846 847 849 853 860 862 858 866 861 862 868 866 866 869 874 881 874 879 885 879 880 881 890 885 893 888 884
602 599 596 591 592 597 606 601 596 596 599 601 607 602 610 612 618 612 624 614 614 617 617 618 620 617 619 621 629 624 634 626 643 632 633 636 637 643 645 648 658 651 652 656 658 672 682 675 678 674 676 684 689 694 699 693 697 704 697 710 703 711 715 724 718 722 726 721 732 734 739 734 739 741 743 750 758 752 754 756 760 765 766 773 782 775 777 782 795 788 795 789 793 796 799 801 810 812 819 812 817 821 825 818 820 829 833 837 842 837 846 853 847 852 855 850 852 854 854 855 855 859 859 861 863 864 870 873 869 875 869 876 877 883 877 879 882 883 890 885 882
610 605 601 596 592 594 597 598 600 597 608 602 602 603 605 608 612 615 618 622 614 624 619 625 621 617 617 619 619 619 622 623 627 628 631 633 635 639 641 644 647 648 657 668 661 662 663 665 670 671 672 677 679 682 684 688 689 690 692 696 700 702 707 710 712 715 717 718 723 727 729 731 734 739 741 745 746 749 752 753 755 760 762 767 769 770 774 778 782 783 785 786 790 792 795 799 804 805 807 808 810 811 813 814 817 822 827 831 832 833 837 842 843 843 847 858 852 863 857 864 859 865 860 870 864 865 865 866 867 867 867 871 874 874 875 875 878 880 880 880 880